都道府県名,二次医療圏番号,二次医療圏名,回答,男40～44歳,男45～49歳,男50～54歳,男55～59歳,男60～64歳,男65～69歳,男70～74歳,男中計,女40～44歳,女45～49歳,女50～54歳,女55～59歳,女60～64歳,女65～69歳,女70～74歳,女中計
北海道,0101,南渡島,はい,1637,1969,1575,1414,1270,1436,1817,11118,1040,1266,1315,1293,1303,1649,2496,10362
北海道,0101,南渡島,いいえ,2884,3801,3618,3270,2987,2344,2337,21241,2506,3366,3344,2892,2590,2385,2669,19752
北海道,0102,南檜山,はい,95,103,88,79,85,94,133,677,76,56,77,79,88,113,160,649
北海道,0102,南檜山,いいえ,179,246,245,227,217,171,146,1431,132,182,171,165,170,155,207,1182
北海道,0103,北渡島檜山,はい,186,175,154,128,129,154,180,1106,118,116,89,107,115,142,197,884
北海道,0103,北渡島檜山,いいえ,211,275,275,263,229,193,181,1627,131,207,203,205,188,212,226,1372
北海道,0104,札幌,はい,16815,18304,15991,13853,12028,7879,4839,89709,12281,14004,13882,12015,8803,5017,3868,69870
北海道,0104,札幌,いいえ,20647,26499,26436,22884,19376,11090,6372,133304,17188,21188,19627,16008,11491,6332,4197,96031
北海道,0105,後志,はい,1178,1315,1138,994,928,931,1077,7561,697,898,875,840,865,880,1273,6328
北海道,0105,後志,いいえ,1340,1958,1949,1842,1563,1313,1231,11196,1077,1537,1481,1366,1183,1185,1442,9271
北海道,0106,南空知,はい,821,1008,829,855,787,793,813,5906,541,702,719,739,678,687,920,4986
北海道,0106,南空知,いいえ,946,1451,1349,1342,1388,1097,930,8503,795,1149,1163,1071,1057,909,1054,7198
北海道,0107,中空知,はい,474,609,499,471,466,458,641,3618,343,446,416,413,435,554,836,3443
北海道,0107,中空知,いいえ,584,922,928,945,868,733,805,5785,592,766,749,793,705,738,971,5314
北海道,0108,北空知,はい,125,144,125,152,151,162,206,1065,101,108,129,124,131,159,257,1009
北海道,0108,北空知,いいえ,151,237,228,249,253,212,239,1569,169,194,209,207,202,228,258,1467
北海道,0109,西胆振,はい,1028,1207,989,789,771,789,1093,6666,659,801,814,713,666,861,1340,5854
北海道,0109,西胆振,いいえ,1151,1789,1697,1523,1323,1183,1318,9984,934,1318,1292,1186,1095,1114,1480,8419
北海道,0110,東胆振,はい,1894,2025,1527,1319,1090,1112,1413,10380,945,1115,1019,912,833,1081,1499,7404
北海道,0110,東胆振,いいえ,1858,2634,2341,2074,1778,1539,1460,13684,1381,1732,1544,1446,1255,1390,1739,10487
北海道,0111,日高,はい,388,405,310,265,242,230,293,2133,238,279,255,226,232,253,319,1802
北海道,0111,日高,いいえ,342,503,484,422,385,311,248,2695,261,362,355,332,284,286,321,2201
北海道,0112,上川中部,はい,2035,2232,1852,1566,1485,960,719,10849,1287,1477,1469,1196,975,634,599,7637
北海道,0112,上川中部,いいえ,2517,3421,3254,2887,2594,1663,956,17292,2134,2748,2619,2059,1578,921,776,12835
北海道,0113,上川北部,はい,279,330,277,303,317,271,408,2185,198,193,196,213,263,309,473,1845
北海道,0113,上川北部,いいえ,373,524,533,495,463,394,378,3160,289,379,344,341,338,345,480,2516
北海道,0114,富良野,はい,278,283,244,235,279,261,350,1930,196,244,232,237,216,274,387,1786
北海道,0114,富良野,いいえ,246,350,368,420,330,295,293,2302,267,326,347,298,317,294,409,2258
北海道,0115,留萌,はい,224,237,228,192,182,192,224,1479,151,184,162,177,173,219,301,1367
北海道,0115,留萌,いいえ,259,439,422,391,373,291,243,2418,205,299,322,277,299,264,339,2005
北海道,0116,宗谷,はい,377,420,330,299,300,304,270,2300,241,255,218,209,240,266,278,1707
北海道,0116,宗谷,いいえ,506,723,655,649,548,428,337,3846,392,440,433,405,322,265,327,2584
北海道,0117,北網,はい,1209,1381,1130,1008,918,827,1011,7484,802,939,860,906,819,843,1192,6361
北海道,0117,北網,いいえ,1579,2136,1987,1900,1813,1166,1115,11696,1245,1622,1509,1468,1336,1176,1413,9769
北海道,0118,遠紋,はい,346,371,324,302,296,242,364,2245,200,259,220,242,214,274,431,1840
北海道,0118,遠紋,いいえ,412,603,627,621,516,420,413,3612,293,363,466,422,407,434,557,2942
北海道,0119,十勝,はい,2147,2280,1859,1789,1678,1527,1939,13219,1404,1668,1651,1584,1410,1532,2286,11535
北海道,0119,十勝,いいえ,2412,3324,3226,2993,2776,2207,1971,18909,2026,2679,2580,2346,2168,2112,2230,16141
北海道,0120,釧路,はい,1412,1466,1288,1074,1069,1045,1260,8614,896,1042,1034,965,921,1050,1378,7286
北海道,0120,釧路,いいえ,1715,2467,2370,2196,2050,1554,1448,13800,1390,1910,1794,1578,1496,1524,1598,11290
北海道,0121,根室,はい,442,496,325,298,297,284,287,2429,279,308,299,249,278,274,313,2000
北海道,0121,根室,いいえ,503,611,616,600,489,354,315,3488,436,471,459,445,374,355,327,2867
青森県,0201,津軽地域,はい,1612,1549,1345,1259,1225,999,990,8979,907,975,968,1074,982,860,1087,6853
青森県,0201,津軽地域,いいえ,2227,2701,2628,2534,2202,1403,1120,14815,2176,2612,2541,2508,1883,1409,1166,14295
青森県,0202,八戸地域,はい,2765,2932,2549,2218,2104,1876,2107,16551,1560,1907,2070,1905,1845,1777,2162,13226
青森県,0202,八戸地域,いいえ,3109,4161,4515,4059,3794,2810,2316,24764,2805,3661,3597,3167,2859,2669,2673,21431
青森県,0203,青森地域,はい,2434,2579,2191,1998,1926,1626,2066,14820,1535,1846,1803,1801,1773,1878,2716,13352
青森県,0203,青森地域,いいえ,2937,3978,3915,3810,3497,2508,2466,23111,2884,3555,3197,3038,2674,2447,2905,20700
青森県,0204,西北五地域,はい,595,663,591,604,608,665,859,4585,376,470,559,606,730,874,1029,4644
青森県,0204,西北五地域,いいえ,677,933,999,1069,837,855,796,6166,719,884,968,990,993,1087,1149,6790
青森県,0205,上十三地域,はい,1362,1363,1174,1099,1095,1107,1278,8478,806,918,987,897,979,1153,1516,7256
青森県,0205,上十三地域,いいえ,1613,2046,1990,1765,1691,1274,1124,11503,1364,1757,1602,1493,1429,1310,1243,10198
青森県,0206,下北地域,はい,447,472,399,397,407,426,564,3112,308,345,385,327,445,574,656,3040
青森県,0206,下北地域,いいえ,469,652,655,644,630,493,346,3889,434,617,577,527,470,385,359,3369
岩手県,0301,盛岡,はい,4655,4815,4213,3607,3757,3513,4301,28861,3363,3913,3863,3691,3767,4107,5248,27952
岩手県,0301,盛岡,いいえ,4933,6302,6131,5601,4875,3525,3292,34659,4053,4969,4494,3877,3516,3428,3872,28209
岩手県,0302,岩手中部,はい,2348,2365,1942,1911,1817,1978,2435,14796,1487,1826,1734,1728,1936,2454,3205,14370
岩手県,0302,岩手中部,いいえ,2281,2802,2569,2381,1999,1528,1203,14763,1702,2012,1837,1642,1331,1175,1101,10800
岩手県,0303,胆江,はい,1318,1369,1056,1053,1132,1205,1310,8443,848,968,890,939,1064,1196,1486,7391
岩手県,0303,胆江,いいえ,1333,1687,1487,1421,1375,1222,1183,9708,1092,1260,1106,1080,1111,1259,1488,8396
岩手県,0304,両磐,はい,1105,1092,887,903,1079,1215,1513,7794,765,822,811,914,1102,1403,1665,7482
岩手県,0304,両磐,いいえ,1053,1324,1277,1289,1131,876,677,7627,812,1026,962,914,822,692,580,5808
岩手県,0305,気仙,はい,426,517,587,525,522,581,693,3851,372,451,482,543,551,780,967,4146
岩手県,0305,気仙,いいえ,403,608,567,632,470,356,334,3370,304,426,445,438,358,297,288,2556
岩手県,0306,釜石,はい,308,380,343,305,318,353,427,2434,222,276,277,309,341,428,623,2476
岩手県,0306,釜石,いいえ,324,398,439,444,324,282,207,2418,245,288,294,264,245,183,202,1721
岩手県,0307,宮古,はい,594,606,663,627,625,718,1006,4839,404,532,595,574,762,1010,1367,5244
岩手県,0307,宮古,いいえ,512,634,768,741,558,465,455,4133,390,475,477,409,358,291,322,2722
岩手県,0308,久慈,はい,443,498,472,415,508,565,764,3665,345,397,479,449,552,761,954,3937
岩手県,0308,久慈,いいえ,402,522,577,513,555,360,301,3230,338,425,456,366,405,297,264,2551
岩手県,0309,二戸,はい,439,465,454,454,526,663,814,3815,356,384,478,466,582,812,1026,4104
岩手県,0309,二戸,いいえ,379,501,549,592,509,446,314,3290,338,406,473,418,402,342,293,2672
宮城県,0401,仙南,はい,1469,1396,1159,1037,1246,1681,2201,10189,962,1147,1046,1102,1421,1953,2392,10023
宮城県,0401,仙南,いいえ,1689,2082,1934,1848,1753,1567,1285,12158,1362,1690,1546,1520,1375,1270,1097,9860
宮城県,0403,仙台,はい,14949,15962,13229,10583,9588,9652,12464,86427,11268,12937,12434,11028,10786,11715,15823,85991
宮城県,0403,仙台,いいえ,17917,22822,22206,18428,15228,11871,11131,119603,15431,18463,16341,13009,11030,10291,11520,96085
宮城県,0406,大崎・栗原,はい,2458,2339,1759,1755,1913,2116,2368,14708,1561,1717,1648,1643,1872,2238,2411,13090
宮城県,0406,大崎・栗原,いいえ,2824,3199,2971,3013,3109,2786,2552,20454,2350,2690,2434,2431,2583,2640,2549,17677
宮城県,0409,石巻・登米・気仙沼,はい,2742,2794,2248,2124,2214,2552,3413,18087,1794,2009,2019,2097,2450,2909,3739,17017
宮城県,0409,石巻・登米・気仙沼,いいえ,3189,3834,3931,3779,3697,3425,3303,25158,2686,3221,3186,3332,3238,3318,3605,22586
秋田県,0501,大館・鹿角,はい,566,593,474,478,545,539,797,3992,380,389,427,413,518,722,1032,3881
秋田県,0501,大館・鹿角,いいえ,640,823,846,904,855,756,702,5526,642,732,702,729,735,692,826,5058
秋田県,0502,北秋田,はい,131,157,140,154,147,240,336,1305,72,92,111,116,147,301,397,1236
秋田県,0502,北秋田,いいえ,169,224,209,270,236,225,187,1520,145,181,170,179,211,175,208,1269
秋田県,0503,能代・山本,はい,449,498,449,439,425,486,599,3345,306,338,368,402,492,561,779,3246
秋田県,0503,能代・山本,いいえ,557,696,737,740,790,676,624,4820,535,681,762,705,719,729,761,4892
秋田県,0504,秋田周辺,はい,2186,2410,2046,1988,1833,1748,2477,14688,1450,1690,1713,1631,1754,2327,3224,13789
秋田県,0504,秋田周辺,いいえ,2983,3988,3950,3673,3326,2720,2651,23291,2741,3251,3156,2743,2748,2850,3454,20943
秋田県,0505,由利本荘・にかほ,はい,586,580,485,463,521,619,795,4049,365,427,412,471,558,751,877,3861
秋田県,0505,由利本荘・にかほ,いいえ,742,840,889,920,867,874,779,5911,717,806,861,799,806,917,829,5735
秋田県,0506,大仙・仙北,はい,710,715,601,612,749,989,1348,5724,538,546,551,625,851,1364,1614,6089
秋田県,0506,大仙・仙北,いいえ,647,796,839,831,859,754,763,5489,604,685,702,702,816,880,863,5252
秋田県,0507,横手,はい,669,633,533,529,618,768,997,4747,459,549,595,597,711,1012,1143,5066
秋田県,0507,横手,いいえ,633,771,744,795,765,626,585,4919,658,751,707,692,700,720,634,4862
秋田県,0508,湯沢・雄勝,はい,356,362,353,379,474,678,778,3380,220,245,296,374,503,746,882,3266
秋田県,0508,湯沢・雄勝,いいえ,400,443,498,534,511,406,382,3174,321,432,466,388,408,390,365,2770
山形県,0601,村山,はい,4464,4113,3407,3039,3017,2889,3456,24385,2812,2837,2814,2646,2592,2492,2657,18850
山形県,0601,村山,いいえ,7131,8291,7850,7399,7203,6631,6430,50935,6930,7854,7038,6827,6926,6914,6848,49337
山形県,0602,最上,はい,501,513,413,450,440,460,444,3221,278,295,337,345,424,371,370,2420
山形県,0602,最上,いいえ,887,1035,961,1050,1211,1149,1165,7458,872,1036,1028,1060,1210,1299,1182,7687
山形県,0603,置賜,はい,1595,1557,1335,1227,1277,1214,1430,9635,879,969,981,957,1073,1137,1194,7190
山形県,0603,置賜,いいえ,2889,3411,3302,3167,3048,2878,2754,21449,2748,3121,2995,2978,2839,2868,2825,20374
山形県,0604,庄内,はい,2462,2402,2020,1898,1952,1942,2268,14944,1584,1713,1684,1710,1918,2198,2523,13330
山形県,0604,庄内,いいえ,3163,3898,3879,3744,3835,3612,3525,25656,3236,3805,3708,3638,3639,3672,3873,25571
福島県,0701,県北,はい,3710,3860,3218,2934,2904,3084,4063,23773,2285,2611,2600,2495,2641,3180,4242,20054
福島県,0701,県北,いいえ,5280,6760,6741,6295,5809,4789,4668,40342,4933,5942,5800,5316,5157,4933,5072,37153
福島県,0702,県中,はい,4027,4007,3231,2852,2965,3052,3636,23770,2649,2810,2567,2677,2863,3195,4202,20963
福島県,0702,県中,いいえ,5437,6684,6194,5773,5342,4111,3754,37295,4953,5850,5440,5069,4750,4231,4175,34468
福島県,0703,県南,はい,1245,1168,891,885,941,1102,1330,7562,726,764,657,719,895,1152,1397,6310
福島県,0703,県南,いいえ,1688,1979,1827,1885,1705,1470,1290,11844,1490,1716,1530,1426,1628,1443,1349,10582
福島県,0706,相双,はい,973,1038,851,736,855,1144,1590,7187,567,609,588,662,952,1304,1617,6299
福島県,0706,相双,いいえ,1291,1669,1579,1583,1637,1753,1713,11225,1084,1308,1320,1321,1613,1814,1944,10404
福島県,0707,いわき,はい,2296,2544,2182,1737,1717,1759,2115,14350,1420,1660,1675,1637,1605,1745,2278,12020
福島県,0707,いわき,いいえ,3404,4291,4237,3948,3297,2419,2009,23605,2817,3463,3207,2927,2768,2124,2096,19402
福島県,0708,会津・南会津,はい,1926,1805,1528,1542,1652,1823,2208,12484,1159,1201,1231,1352,1499,1899,2248,10589
福島県,0708,会津・南会津,いいえ,2521,3172,3061,3264,3195,2828,2763,20804,2399,2971,2914,2986,3050,3084,3157,20561
茨城県,0801,水戸,はい,3850,3907,3396,2710,2341,1960,1929,20093,2386,2695,2723,2450,2043,1863,2004,16164
茨城県,0801,水戸,いいえ,4506,6159,6071,5119,4013,2528,1843,30239,3724,4683,4431,3687,2873,2236,1935,23569
茨城県,0802,日立,はい,1417,1645,1513,1269,1145,1123,1482,9594,932,1290,1442,1201,1119,1183,1646,8813
茨城県,0802,日立,いいえ,2125,2818,2961,2637,2236,1691,1626,16094,1861,2514,2651,2161,1834,1754,1977,14752
茨城県,0803,常陸太田・ひたちなか,はい,2622,2951,2624,2322,1922,2029,2753,17223,1672,1993,2267,1953,1975,2368,3004,15232
茨城県,0803,常陸太田・ひたちなか,いいえ,3777,4871,5302,4536,3622,2708,2241,27057,2833,3577,3643,3044,2667,2462,2437,20663
茨城県,0804,鹿行,はい,2172,2329,1823,1455,1331,1218,1326,11654,1272,1397,1406,1246,1147,1175,1407,9050
茨城県,0804,鹿行,いいえ,2507,3320,3202,2578,1972,1503,1071,16153,1907,2357,2273,1792,1623,1300,1212,12464
茨城県,0805,土浦,はい,2108,2419,2071,1765,1440,1491,1813,13107,1302,1572,1567,1387,1307,1476,1928,10539
茨城県,0805,土浦,いいえ,2509,3251,3300,2738,2114,1749,1462,17123,1820,2551,2429,2026,1830,1580,1763,13999
茨城県,0806,つくば,はい,3435,3336,2547,2013,1655,1653,2189,16828,2273,2485,2151,1789,1585,1754,2334,14371
茨城県,0806,つくば,いいえ,4197,4850,4517,3511,2649,1801,1622,23147,3390,3900,3342,2532,2012,1803,1719,18698
茨城県,0807,取手・竜ヶ崎,はい,3868,4407,3749,2962,2569,2777,3917,24249,2508,3041,3052,2629,2498,2888,3945,20561
茨城県,0807,取手・竜ヶ崎,いいえ,4362,6028,5932,4897,3775,2970,2934,30898,3591,4624,4228,3532,3038,2938,3293,25244
茨城県,0808,筑西・下妻,はい,2006,2017,1596,1389,1385,1579,1782,11754,1196,1388,1343,1267,1339,1683,1993,10209
茨城県,0808,筑西・下妻,いいえ,2338,3135,3046,2588,2304,1903,1387,16701,1934,2496,2508,2167,1991,1859,1444,14399
茨城県,0809,古河・坂東,はい,1677,1737,1523,1230,1061,916,813,8957,918,1093,1093,957,918,827,875,6681
茨城県,0809,古河・坂東,いいえ,2141,2682,2801,2241,1964,1178,849,13856,1583,2136,2087,1603,1417,1086,830,10742
栃木県,0901,県北,はい,3494,3405,2843,2431,2399,2947,3643,21162,2182,2515,2419,2230,2609,3202,3911,19068
栃木県,0901,県北,いいえ,4212,5154,4900,4179,3952,3279,2944,28620,3127,3770,3565,3144,3016,2966,2831,22419
栃木県,0902,県西,はい,1381,1554,1335,1132,1108,1188,1548,9246,849,1017,1010,1003,996,1234,1653,7762
栃木県,0902,県西,いいえ,1615,2278,2398,2075,1952,1571,1379,13268,1360,1831,1846,1590,1566,1500,1557,11250
栃木県,0903,宇都宮,はい,5216,5593,4791,3809,3069,2488,2987,27953,3312,3682,3554,2985,2529,2535,3441,22038
栃木県,0903,宇都宮,いいえ,7088,8419,8194,6543,4786,2974,2532,40536,5110,6177,5613,4257,3278,2643,2689,29767
栃木県,0904,県東,はい,1441,1453,1169,1068,1048,1303,1592,9074,860,970,948,910,1112,1449,1699,7948
栃木県,0904,県東,いいえ,1743,2081,1882,1666,1577,1365,1212,11526,1220,1512,1345,1187,1249,1266,1195,8974
栃木県,0905,県南,はい,4078,4581,3628,3073,2917,3156,3938,25371,2658,3199,3275,2886,2990,3369,4284,22661
栃木県,0905,県南,いいえ,5006,6897,6540,5428,4665,3641,3046,35223,3955,4784,4689,3645,3388,3252,3091,26804
栃木県,0906,両毛,はい,1974,2199,1906,1640,1393,1453,1956,12521,1080,1484,1390,1353,1288,1606,2229,10430
栃木県,0906,両毛,いいえ,2588,3416,3514,2928,2401,1802,1643,18292,1866,2352,2466,2040,1805,1722,1905,14156
群馬県,1001,前橋,はい,2790,2931,2638,2059,1990,2055,2683,17146,1540,1958,2031,1968,1869,2297,3282,14945
群馬県,1001,前橋,いいえ,3882,5064,4945,4244,3447,2731,2573,26886,3108,4058,3940,3360,2786,2690,3003,22945
群馬県,1002,渋川,はい,863,884,746,622,687,717,919,5438,517,548,624,555,588,756,1044,4632
群馬県,1002,渋川,いいえ,1148,1455,1421,1240,1259,988,899,8410,924,1175,1163,946,935,917,994,7054
群馬県,1003,伊勢崎,はい,2274,2527,2155,1772,1622,1736,2462,14548,1487,1764,1861,1568,1597,2348,3703,14328
群馬県,1003,伊勢崎,いいえ,2681,3523,3572,3015,2376,1540,1260,17967,2054,2674,2591,2049,1561,1091,888,12908
群馬県,1004,高崎・安中,はい,3407,3884,3428,2706,2294,2363,3194,21276,2102,2687,2659,2413,2140,2690,3985,18676
群馬県,1004,高崎・安中,いいえ,4638,6247,6470,5303,4123,3046,2856,32683,3580,4851,4905,3930,3147,2957,3493,26863
群馬県,1005,藤岡,はい,478,612,459,403,361,416,622,3351,263,344,368,366,368,475,705,2889
群馬県,1005,藤岡,いいえ,594,850,886,771,675,522,571,4869,435,683,703,575,528,519,664,4107
群馬県,1006,富岡,はい,477,512,468,441,437,608,780,3723,298,395,389,420,464,628,895,3489
群馬県,1006,富岡,いいえ,584,841,810,821,783,655,617,5111,493,708,735,653,634,676,694,4593
群馬県,1007,吾妻,はい,318,352,359,325,349,466,607,2776,196,234,287,312,349,443,701,2522
群馬県,1007,吾妻,いいえ,372,604,633,614,684,559,569,4035,332,490,523,497,523,488,511,3364
群馬県,1008,沼田,はい,452,517,479,476,512,656,856,3948,325,400,419,434,504,702,964,3748
群馬県,1008,沼田,いいえ,672,919,1003,942,922,856,790,6104,578,841,788,834,861,830,815,5547
群馬県,1009,桐生,はい,1172,1395,1256,1018,954,942,1430,8167,639,885,985,838,886,1061,1673,6967
群馬県,1009,桐生,いいえ,1365,1919,2096,1755,1481,1173,1424,11213,1149,1630,1703,1376,1220,1329,1777,10184
群馬県,1010,太田・館林,はい,3814,3841,3196,2416,1966,2152,3466,20851,1816,2318,2343,1920,1916,2606,4085,17004
群馬県,1010,太田・館林,いいえ,4533,5836,5793,4658,3327,2722,2878,29747,3052,4175,3822,2950,2505,2679,3307,22490
埼玉県,1101,南部,はい,7682,8516,7733,6032,4454,3602,4492,42511,4783,5805,5963,5002,3990,3546,5648,34737
埼玉県,1101,南部,いいえ,9007,11020,11261,8488,5695,3820,3759,53050,6759,8246,7820,5828,4012,3191,4093,39949
埼玉県,1102,南西部,はい,6784,7573,7181,5761,4275,3804,5177,40555,4826,5816,5931,5079,3829,3932,6517,35930
埼玉県,1102,南西部,いいえ,8336,10284,10215,7932,5196,3585,3993,49541,6460,7862,7685,5634,3831,3440,4848,39760
埼玉県,1103,東部,はい,9711,11332,10268,7749,5858,5718,8476,59112,6617,8193,8400,6969,5659,6563,10924,53325
埼玉県,1103,東部,いいえ,11247,15209,15087,11261,7993,6094,7180,74071,9220,11858,11440,8248,6375,6423,9396,62960
埼玉県,1104,さいたま,はい,12323,13694,12697,10269,8445,6502,7868,71798,8300,9777,10285,8795,6821,6018,8610,58606
埼玉県,1104,さいたま,いいえ,15346,18687,18977,15031,10566,6891,7109,92607,11621,13766,13395,10211,7430,6411,8281,71115
埼玉県,1105,県央,はい,4371,5136,4667,3759,3211,3375,4811,29330,2619,3315,3550,3036,2752,3414,5889,24575
埼玉県,1105,県央,いいえ,5626,7557,7869,6149,4652,3448,3801,39102,4167,5712,5837,4461,3525,3534,4788,32024
埼玉県,1106,川越比企,はい,6745,7808,6703,5373,4680,4775,6764,42848,4071,5075,5256,4464,4243,5014,7578,35701
埼玉県,1106,川越比企,いいえ,8311,10861,11096,8588,6806,5184,5583,56429,6022,7745,7516,5944,5144,4975,6329,43675
埼玉県,1107,西部,はい,6134,7416,6737,5550,4916,4631,6284,41668,4197,5244,5493,4919,4315,4621,6880,35669
埼玉県,1107,西部,いいえ,7245,9848,10385,8388,6372,4708,4871,51817,5835,7432,7304,5802,4642,4304,5339,40658
埼玉県,1108,利根,はい,4896,5507,4712,3747,3827,4207,5698,32594,2965,3701,3845,3531,3567,4391,6628,28628
埼玉県,1108,利根,いいえ,5830,8226,8159,6622,5497,4426,4448,43208,4473,5742,5458,4564,4105,4292,5292,33926
埼玉県,1109,北部,はい,4130,4427,3774,3112,2895,3080,3763,25181,2487,2982,3013,2817,2715,3059,4084,21157
埼玉県,1109,北部,いいえ,5090,6520,6725,5624,4626,3526,3050,35161,3955,5175,5081,4236,3699,3195,3160,28501
埼玉県,1110,秩父,はい,542,601,587,515,525,662,892,4324,362,466,473,489,517,691,877,3875
埼玉県,1110,秩父,いいえ,750,973,1118,1038,1024,854,703,6460,567,822,864,787,799,800,762,5401
千葉県,1201,千葉,はい,7960,9503,9304,7141,5615,4567,6166,50256,5172,6677,7302,6048,4777,4650,7556,42182
千葉県,1201,千葉,いいえ,10217,13976,14903,11416,7863,4773,4946,68094,7882,10249,10475,7586,5372,4484,6041,52089
千葉県,1202,東葛南部,はい,16155,18330,17143,13242,9459,6919,8079,89327,11669,14050,14419,11565,8381,6969,9519,76572
千葉県,1202,東葛南部,いいえ,19704,25096,26020,19616,12465,7251,6628,116780,15177,18711,18172,12827,8345,6056,7236,86524
千葉県,1203,東葛北部,はい,12188,13769,12482,9614,7780,7072,9694,72599,8469,10351,10316,8818,7226,7777,11983,64940
千葉県,1203,東葛北部,いいえ,15287,18966,18860,14393,10218,7178,7510,92412,11949,14207,13564,10108,7548,7028,9091,73495
千葉県,1204,印旛,はい,5583,6130,5349,4260,4087,4833,6143,36385,4070,4853,4782,4318,4441,5380,6696,34540
千葉県,1204,印旛,いいえ,6580,8454,8505,6692,5632,4391,4210,44464,5135,6411,6020,4669,4149,3666,3959,34009
千葉県,1205,香取海匝,はい,1591,1707,1619,1372,1504,1821,2491,12105,958,1157,1305,1357,1629,2105,2904,11415
千葉県,1205,香取海匝,いいえ,1795,2541,2643,2467,2395,2157,2250,16248,1503,1895,2109,1975,2200,2396,2542,14620
千葉県,1206,山武長生夷隅,はい,2628,3001,2753,2371,2576,2958,4018,20305,1643,2099,2246,2283,2635,3242,4258,18406
千葉県,1206,山武長生夷隅,いいえ,3223,4426,4577,4165,3788,3415,3339,26933,2632,3308,3575,3208,3063,2953,3065,21804
千葉県,1207,安房,はい,599,684,646,536,533,587,805,4390,438,553,506,486,496,635,907,4021
千葉県,1207,安房,いいえ,757,1057,1173,970,963,800,741,6461,723,977,1024,805,811,819,916,6075
千葉県,1208,君津,はい,2460,2753,2202,1860,1831,2237,2994,16337,1439,1754,1776,1603,1576,2233,3409,13790
千葉県,1208,君津,いいえ,3315,4307,4331,3427,3014,2692,2846,23932,2367,2938,2914,2366,2160,2513,3159,18417
千葉県,1209,市原,はい,1794,2128,1734,1492,1356,1749,2388,12641,1256,1583,1567,1341,1430,1900,2603,11680
千葉県,1209,市原,いいえ,2214,3103,3294,2496,2172,2112,1943,17334,1743,2288,2305,1897,1779,1942,2266,14220
東京都,1301,区中央部,はい,15693,16851,15644,13017,9082,4912,4619,79818,10492,11042,10642,8508,6059,4472,5681,56896
東京都,1301,区中央部,いいえ,21496,24083,23064,18157,11075,4852,3645,106372,16553,18083,15823,10500,6175,3401,3898,74433
東京都,1302,区南部,はい,12212,13404,13035,10185,7311,5242,6402,67791,9050,10207,10099,8162,6306,5769,8175,57768
東京都,1302,区南部,いいえ,16130,18536,18611,13928,8942,5196,5497,86840,14055,15780,14052,9540,6106,4753,6321,70607
東京都,1303,区西南部,はい,13086,13575,12690,11069,8221,5968,7069,71678,11995,13150,13041,11285,8869,7455,9941,75736
東京都,1303,区西南部,いいえ,15893,17298,16142,13411,8887,5274,5413,82318,16482,18181,16040,11332,7403,5353,7075,81866
東京都,1304,区西部,はい,12913,13318,12000,10116,7674,5783,6747,68551,10568,11749,11704,10141,8113,6631,8970,67876
東京都,1304,区西部,いいえ,15609,16472,15582,12392,8316,5299,5331,79001,14744,15710,14046,10415,7105,5288,6676,73984
東京都,1305,区西北部,はい,19027,19895,18542,15455,12421,9904,11949,107193,14654,16943,17333,15431,12788,11523,15729,104401
東京都,1305,区西北部,いいえ,22010,24706,23847,19021,13977,9483,9951,122995,19334,21751,20672,15737,12038,10075,12775,112382
東京都,1306,区東北部,はい,11389,13201,12189,9698,7520,6390,8333,68720,8247,9782,10359,9052,7227,6972,10136,61775
東京都,1306,区東北部,いいえ,13688,16761,16773,13197,9685,7623,9167,86894,12036,14474,14180,11341,8740,8172,11601,80544
東京都,1307,区東部,はい,15384,17574,16787,12836,8735,6386,7596,85298,11201,12977,13344,10384,7502,6861,9972,72241
東京都,1307,区東部,いいえ,18923,22770,23484,17703,10956,6833,6963,107632,15854,18538,17638,11950,7966,6177,8278,86401
東京都,1308,西多摩,はい,2808,3322,3327,2577,2286,2540,3949,20809,2044,2618,2847,2529,2351,2775,4745,19909
東京都,1308,西多摩,いいえ,3282,4516,5250,4443,3444,2966,3577,27478,2664,3647,3961,3314,2840,3087,4074,23587
東京都,1309,南多摩,はい,11879,13821,13412,11065,8841,8374,12420,79812,9255,11415,12384,10672,9124,9752,15791,78393
東京都,1309,南多摩,いいえ,14236,18421,20660,16676,11136,8069,9756,98954,11488,14743,15009,11519,8769,8547,11812,81887
東京都,1310,北多摩西部,はい,5741,6402,5996,5245,4143,3585,4970,36082,4122,4949,5332,4781,3922,4074,6472,33652
東京都,1310,北多摩西部,いいえ,6906,8578,9031,7710,5335,3769,4308,45637,5395,6489,6524,5209,3956,3626,5052,36251
東京都,1311,北多摩南部,はい,10174,10623,10277,9207,7122,5728,7570,60701,8713,9902,10446,9012,7282,6839,9779,61973
東京都,1311,北多摩南部,いいえ,12114,13637,14043,11615,7638,5283,6101,70431,10258,11530,11010,8458,6191,5313,6978,59738
東京都,1312,北多摩北部,はい,6415,7348,6876,6229,4999,4364,5855,42086,5166,6249,6627,6124,5109,5179,7680,42134
東京都,1312,北多摩北部,いいえ,7681,9000,9712,8184,5963,4245,4866,49651,6286,7344,7676,6232,4865,4281,5809,42493
東京都,1313,島しょ,はい,182,199,179,154,114,162,211,1201,164,166,164,122,153,169,230,1168
東京都,1313,島しょ,いいえ,183,241,255,238,204,185,194,1500,177,201,200,141,154,177,191,1241
神奈川県,1404,川崎北部,はい,7965,8551,8295,7049,4951,3636,4096,44543,6108,7065,7562,6396,4533,3568,4700,39932
神奈川県,1404,川崎北部,いいえ,10407,12352,13000,10520,6269,3490,3224,59262,8294,9543,9315,6661,4448,3007,3576,44844
神奈川県,1405,川崎南部,はい,7270,7881,6864,5253,3831,2650,2776,36525,5327,5690,5312,4306,3054,2296,2891,28876
神奈川県,1405,川崎南部,いいえ,9659,11426,10728,7742,4761,2667,2099,49082,6822,7415,6707,4531,2846,1985,2126,32432
神奈川県,1406,横須賀・三浦,はい,4899,6483,6361,5431,4657,3764,4741,36336,3799,5253,5703,4787,3926,3844,5561,32873
神奈川県,1406,横須賀・三浦,いいえ,5348,7794,8881,7494,5560,3686,4009,42772,4497,6005,6457,4948,3762,3313,4320,33302
神奈川県,1407,湘南東部,はい,6766,7847,7265,6028,4549,3482,5085,41022,5056,6084,6220,5197,4080,3924,6570,37131
神奈川県,1407,湘南東部,いいえ,7558,9769,10648,8594,5730,3501,4128,49928,5783,7327,7122,5237,3761,3436,5295,37961
神奈川県,1408,湘南西部,はい,4417,5106,4709,3956,3309,3043,4598,29138,3068,3833,3905,3509,2925,3300,5295,25835
神奈川県,1408,湘南西部,いいえ,5522,7222,7866,6675,4762,3403,3845,39295,3960,5245,5265,4048,3284,3085,4398,29285
神奈川県,1409,県央,はい,7512,8859,8095,6467,4996,4130,6184,46243,4857,6175,6457,5332,4283,4406,7973,39483
神奈川県,1409,県央,いいえ,9296,11874,12684,10104,6774,4301,4759,59792,6129,8165,7884,5836,4301,3921,5629,41865
神奈川県,1410,相模原,はい,6157,7058,6508,5306,4091,3420,4366,36906,4200,5155,5319,4580,3558,3235,4963,31010
神奈川県,1410,相模原,いいえ,7307,9309,10035,8088,5409,3292,3308,46748,5212,6515,6610,5121,3676,2946,3809,33889
神奈川県,1411,県西,はい,2821,3261,3059,2748,2119,1613,2326,17947,1557,2057,2174,1842,1646,1752,2838,13866
神奈川県,1411,県西,いいえ,3286,4311,4806,4164,2948,1936,2094,23545,2339,3023,3148,2414,1973,1833,2387,17117
神奈川県,1412,横浜,はい,33571,38754,38159,31804,24453,17726,19775,204242,25415,30985,33620,28077,21032,16558,20694,176381
神奈川県,1412,横浜,いいえ,41987,53168,57790,46653,30152,17466,15794,263010,31229,38898,39223,28758,19289,13967,16398,187762
新潟県,1501,下越,はい,1827,1808,1667,1515,1569,1767,2371,12524,1312,1424,1432,1383,1607,2189,2980,12327
新潟県,1501,下越,いいえ,2050,2595,2699,2584,2289,1987,1909,16113,1688,2227,2274,2061,1859,1724,1638,13471
新潟県,1502,新潟,はい,8288,8619,6968,5872,5188,4913,6294,46142,5283,5986,5623,5179,5019,5537,7716,40343
新潟県,1502,新潟,いいえ,10412,13860,13497,11501,9619,7605,7251,73745,8673,11158,10190,8814,7388,6806,7929,60958
新潟県,1503,県央,はい,1895,1982,1762,1455,1453,1457,1775,11779,1237,1487,1429,1351,1370,1718,2022,10614
新潟県,1503,県央,いいえ,2586,3390,3391,3045,2558,2110,1898,18978,2077,2753,2741,2429,2039,1821,1865,15725
新潟県,1504,中越,はい,4228,4308,3573,3071,3026,3159,4271,25636,3094,3496,3365,3186,3498,4395,5579,26613
新潟県,1504,中越,いいえ,5199,6595,6506,5888,5074,3683,3553,36498,4224,5428,4975,4381,3603,2790,3352,28753
新潟県,1505,魚沼,はい,1516,1483,1323,1201,1366,1722,2351,10962,1106,1172,1177,1165,1385,1949,2358,10312
新潟県,1505,魚沼,いいえ,1595,2011,1930,1919,1947,1752,1449,12603,1422,1742,1687,1560,1425,1324,1104,10264
新潟県,1506,上越,はい,1638,1759,1526,1357,1478,2001,2879,12638,1089,1368,1421,1404,1724,2549,3578,13133
新潟県,1506,上越,いいえ,3738,4638,4459,4098,3697,2576,2106,25312,2933,3786,3413,3063,2477,1708,1468,18848
新潟県,1507,佐渡,はい,430,427,385,433,524,688,915,3802,297,339,339,351,510,712,974,3522
新潟県,1507,佐渡,いいえ,475,557,686,616,588,391,389,3702,417,493,493,481,472,319,314,2989
富山県,1601,新川,はい,902,1020,829,677,656,612,921,5617,558,688,661,621,619,800,1307,5254
富山県,1601,新川,いいえ,1497,2058,2093,1719,1530,1213,1115,11225,1264,1784,1745,1555,1212,1109,1447,10116
富山県,1602,富山,はい,4227,4737,3943,3017,2598,2343,3074,23939,2566,3174,3130,2908,2504,2593,3757,20632
富山県,1602,富山,いいえ,6521,8960,8859,7000,5472,3868,3502,44182,5438,7154,6753,5167,4187,3449,3976,36124
富山県,1603,高岡,はい,2222,2668,2092,1749,1484,1558,2645,14418,1197,1589,1605,1480,1465,1901,3421,12658
富山県,1603,高岡,いいえ,4147,5637,5438,4398,3599,3037,3451,29707,3243,4530,4471,3514,3142,3133,4365,26398
富山県,1604,砺波,はい,892,979,761,643,669,692,1318,5954,507,650,628,612,694,940,1630,5661
富山県,1604,砺波,いいえ,1434,1966,1843,1653,1555,1361,1489,11301,1306,1709,1613,1468,1437,1531,1762,10826
石川県,1701,南加賀,はい,2098,2544,2053,1662,1405,1268,1866,12896,1441,1976,1776,1652,1461,1564,2376,12246
石川県,1701,南加賀,いいえ,2161,3145,2871,2423,1932,1462,1750,15744,1910,2471,2484,2019,1705,1506,2069,14164
石川県,1702,石川中央,はい,5800,6817,5906,4502,3866,3500,4888,35279,3998,4980,4873,4226,3990,4154,6377,32598
石川県,1702,石川中央,いいえ,8574,11167,10521,8300,6426,4501,4543,54032,7274,9298,8442,6560,5236,4277,5237,46324
石川県,1703,能登中部,はい,697,819,696,584,601,761,1163,5321,466,645,593,601,694,1007,1526,5532
石川県,1703,能登中部,いいえ,938,1355,1278,1186,1047,935,1159,7898,798,1153,1079,1047,975,1069,1350,7471
石川県,1704,能登北部,はい,282,366,279,320,359,462,762,2830,192,220,216,277,321,514,909,2649
石川県,1704,能登北部,いいえ,359,536,574,588,598,586,669,3910,368,492,565,517,589,609,753,3893
福井県,1801,福井・坂井,はい,3109,3394,2879,2404,1983,1431,1392,16592,1613,1961,1991,1821,1496,1125,1284,11291
福井県,1801,福井・坂井,いいえ,4631,5929,5735,4895,4082,2550,1808,29630,4005,5117,4891,4044,3186,1992,1403,24638
福井県,1802,奥越,はい,427,496,341,347,293,329,402,2635,299,322,304,294,305,354,437,2315
福井県,1802,奥越,いいえ,562,661,698,626,664,570,472,4253,537,624,651,679,624,569,519,4203
福井県,1803,丹南,はい,1536,1563,1283,1033,843,655,806,7719,816,986,879,780,760,675,986,5882
福井県,1803,丹南,いいえ,2359,2933,2647,2303,1862,1227,1028,14359,2030,2371,2364,1994,1613,1148,1115,12635
福井県,1804,嶺南,はい,918,990,860,721,685,705,865,5744,510,695,654,614,626,706,1038,4843
福井県,1804,嶺南,いいえ,1451,1788,1781,1650,1495,1117,1000,10282,1052,1394,1305,1194,1011,1015,1049,8020
山梨県,1901,中北,はい,4031,4350,3944,3535,3132,3428,4061,26481,3242,3953,3896,3684,3791,4241,5095,27902
山梨県,1901,中北,いいえ,5177,6720,6862,5894,4531,3410,3101,35695,4053,5331,5231,4461,3566,3078,3193,28913
山梨県,1902,峡東,はい,1093,1259,1243,1000,1033,1048,1294,7970,841,1063,1101,1041,1028,1253,1420,7747
山梨県,1902,峡東,いいえ,1253,1718,1841,1621,1359,1126,1108,10026,1166,1477,1607,1400,1195,1085,1062,8992
山梨県,1903,峡南,はい,362,373,369,374,426,530,673,3107,258,345,342,381,450,579,728,3083
山梨県,1903,峡南,いいえ,452,616,687,676,672,592,580,4275,375,521,605,615,568,562,630,3876
山梨県,1904,富士・東部,はい,1203,1313,1298,1211,1169,1168,1386,8748,864,1029,1187,1192,1184,1259,1445,8160
山梨県,1904,富士・東部,いいえ,1730,2151,2579,2573,2113,1634,1386,14166,1393,1796,2072,1973,1726,1455,1338,11753
長野県,2001,佐久,はい,1945,2001,1835,1636,1599,1671,2023,12710,1720,1884,1871,1881,1820,1860,2320,13356
長野県,2001,佐久,いいえ,1953,2376,2410,2227,1941,1465,1501,13873,1321,1601,1673,1409,1311,1282,1398,9995
長野県,2002,上小,はい,1502,1783,1481,1243,1113,1148,1460,9730,1039,1342,1345,1245,1273,1399,1810,9453
長野県,2002,上小,いいえ,1937,2620,2620,2248,1834,1425,1302,13986,1512,1984,1971,1693,1464,1207,1396,11227
長野県,2003,諏訪,はい,1494,1707,1526,1263,1098,1111,1610,9809,1065,1459,1347,1250,1168,1386,2237,9912
長野県,2003,諏訪,いいえ,2161,2964,3005,2359,1841,1457,1536,15323,1725,2426,2425,1836,1619,1299,1494,12824
長野県,2004,上伊那,はい,1668,1866,1525,1210,1258,1259,1722,10508,1219,1510,1496,1394,1336,1568,2309,10832
長野県,2004,上伊那,いいえ,2168,2961,2871,2494,2101,1546,1557,15698,1762,2339,2232,1842,1635,1346,1444,12600
長野県,2005,飯伊,はい,1260,1318,1145,1060,966,1159,1357,8265,860,990,1070,1032,1093,1324,1538,7907
長野県,2005,飯伊,いいえ,1889,2317,2416,2121,1750,1420,1195,13108,1565,1988,1836,1741,1569,1219,1087,11005
長野県,2006,木曽,はい,180,199,184,216,199,245,348,1571,127,136,161,163,211,240,392,1430
長野県,2006,木曽,いいえ,219,326,346,376,300,343,390,2300,192,200,232,267,259,281,366,1797
長野県,2007,松本,はい,3769,4165,3701,3023,2422,2145,2406,21631,2593,3131,3239,2874,2584,2412,2957,19790
長野県,2007,松本,いいえ,4837,6470,6458,5184,3835,2582,2143,31509,3541,4846,4615,3673,2805,1974,1816,23270
長野県,2008,大北,はい,516,569,514,449,428,443,615,3534,346,459,507,488,477,503,757,3537
長野県,2008,大北,いいえ,486,725,774,744,607,502,554,4392,386,592,571,559,468,385,408,3369
長野県,2009,長野,はい,4555,5179,4528,3852,3400,3124,4077,28715,3105,3923,4104,3762,3315,3702,5217,27128
長野県,2009,長野,いいえ,6367,8236,8543,7095,5786,4421,4704,45152,4937,6675,6480,5486,4585,4293,5335,37791
長野県,2010,北信,はい,667,714,606,552,606,686,884,4715,519,636,577,652,661,788,951,4784
長野県,2010,北信,いいえ,854,1089,1161,1171,1003,864,880,7022,761,986,974,954,885,745,758,6063
岐阜県,2101,岐阜,はい,5103,5954,5035,4123,3413,2711,3368,29707,3224,4147,4299,3748,3008,2715,3685,24826
岐阜県,2101,岐阜,いいえ,9514,12232,12407,9785,7220,4771,4216,60145,6990,9143,9132,7024,5441,4037,4430,46197
岐阜県,2102,西濃,はい,2496,2757,2317,1997,1803,1786,2501,15657,1439,1788,1881,1735,1715,1963,2915,13436
岐阜県,2102,西濃,いいえ,4292,5720,5734,4753,3926,3050,2998,30473,3165,4206,4076,3602,3214,2890,3465,24618
岐阜県,2103,中濃,はい,2895,3066,2613,2015,2065,2208,2982,17844,1763,2162,2222,2118,2141,2470,3216,16092
岐阜県,2103,中濃,いいえ,4121,5477,5261,4514,3984,3200,3055,29612,2905,3844,3833,3375,3170,2824,2869,22820
岐阜県,2104,東濃,はい,2833,3056,2660,2235,2020,1951,2413,17168,1555,1961,2068,1972,1903,2084,2909,14452
岐阜県,2104,東濃,いいえ,3382,4706,4864,4437,3639,2842,2674,26544,2753,3646,3781,3390,3195,2619,3040,22424
岐阜県,2105,飛騨,はい,1233,1388,1177,1080,1008,1084,1627,8597,881,1031,1074,1071,1064,1299,1824,8244
岐阜県,2105,飛騨,いいえ,1491,2009,2089,1834,1653,1290,1503,11869,1228,1741,1757,1555,1402,1305,1613,10601
静岡県,2201,賀茂,はい,326,372,408,347,324,343,485,2605,189,292,306,293,286,365,606,2337
静岡県,2201,賀茂,いいえ,340,547,680,601,518,490,505,3681,300,435,501,428,434,497,579,3174
静岡県,2202,熱海伊東,はい,411,618,644,570,546,604,1023,4416,346,481,584,558,590,705,1369,4633
静岡県,2202,熱海伊東,いいえ,526,848,986,887,886,726,1013,5872,504,749,884,790,767,857,1404,5955
静岡県,2203,駿東田方,はい,5474,6137,5482,4567,3937,3728,5079,34404,3426,4207,4539,4133,3742,3973,6370,30390
静岡県,2203,駿東田方,いいえ,6932,9245,9790,8288,6394,4922,5081,50652,5315,7203,7046,5900,5050,5009,5921,41444
静岡県,2204,富士,はい,3410,3695,3328,2698,2310,2136,2712,20289,1853,2323,2519,2251,2026,2106,3022,16100
静岡県,2204,富士,いいえ,4564,5902,6222,5256,4020,2783,2600,31347,3273,4367,4441,3772,3044,2661,2781,24339
静岡県,2205,静岡,はい,5764,6600,6114,5122,4381,3787,4809,36577,3782,4557,4906,4471,4034,3811,5123,30684
静岡県,2205,静岡,いいえ,7357,10214,10843,8775,7042,5008,4982,54221,6294,8261,8438,6678,5333,4361,4980,44345
静岡県,2206,志太榛原,はい,4047,4378,3661,3153,2879,2538,3104,23760,2486,2940,2977,2693,2629,2515,3320,19560
静岡県,2206,志太榛原,いいえ,4768,6271,6289,5314,4558,3177,2825,33202,4071,5094,4770,4099,3580,2844,2905,27363
静岡県,2207,中東遠,はい,4950,5014,4012,3250,3096,2831,3531,26684,2762,3211,3073,2744,2794,2796,3456,20836
静岡県,2207,中東遠,いいえ,5864,7206,6638,5730,4970,3593,3184,37185,4757,5617,5005,4189,4093,3589,3607,30857
静岡県,2208,西部,はい,8629,9007,7978,6576,5678,4659,5732,48259,4947,5834,6315,5263,4754,4320,5901,37334
静岡県,2208,西部,いいえ,10201,12942,13353,11182,8861,6065,5675,68279,8418,10657,10432,8227,7010,5860,5941,56545
愛知県,2302,海部,はい,2469,3086,2779,2054,1597,1435,2207,15627,1496,2034,2123,1678,1505,1555,2925,13316
愛知県,2302,海部,いいえ,3295,4908,5178,3987,2817,2108,2466,24759,2333,3402,3355,2645,2140,2135,3157,19167
愛知県,2304,尾張東部,はい,4461,4855,4222,3251,2580,2060,3212,24641,2813,3392,3416,2791,2339,2379,3823,20953
愛知県,2304,尾張東部,いいえ,5918,7646,7958,5990,4308,2891,3302,38013,4612,5595,5507,4047,3110,2924,4173,29968
愛知県,2305,尾張西部,はい,4101,4939,4401,3477,2686,2623,3959,26186,2779,3817,3909,3276,2767,2927,5101,24576
愛知県,2305,尾張西部,いいえ,5501,7772,8066,6563,4704,3653,4288,40547,4432,5907,6073,4881,3928,3889,5362,34472
愛知県,2306,尾張北部,はい,5773,6758,5963,4475,3404,3126,4565,34064,3496,4790,4882,3751,3086,3485,5668,29158
愛知県,2306,尾張北部,いいえ,7884,10899,11145,8565,5996,4269,4697,53455,5732,7618,7503,5645,4305,4152,5814,40769
愛知県,2307,知多半島,はい,6204,7025,5851,4745,3679,3380,5271,36155,3988,5049,4973,4062,3527,3872,6379,31850
愛知県,2307,知多半島,いいえ,7496,10007,9915,8016,5909,4408,4910,50661,5476,6829,6639,5316,4441,4285,5721,38707
愛知県,2308,西三河北部,はい,6005,6043,5690,4597,3455,2388,3420,31598,3287,4072,4130,3145,2532,2639,3799,23604
愛知県,2308,西三河北部,いいえ,6229,7763,7934,6366,4609,2730,2847,38478,4278,5262,5113,3796,2932,2602,3262,27245
愛知県,2309,西三河南部西,はい,6524,7276,6570,5209,3974,3358,4786,37697,4131,5074,5111,4319,3370,3742,5362,31109
愛知県,2309,西三河南部西,いいえ,8744,10687,11281,9216,6590,4071,4180,54769,6310,7628,7669,6048,4357,3649,4183,39844
愛知県,2310,西三河南部東,はい,3892,4276,3833,3155,2633,2208,3244,23241,2517,2915,2815,2386,2184,2320,3495,18632
愛知県,2310,西三河南部東,いいえ,5488,6646,6842,5586,4314,3381,3755,36012,4292,5183,4935,4103,3568,3499,4224,29804
愛知県,2311,東三河北部,はい,400,411,359,334,348,391,608,2851,248,310,264,288,354,478,710,2652
愛知県,2311,東三河北部,いいえ,508,627,620,571,542,504,556,3928,302,416,427,414,484,477,589,3109
愛知県,2312,東三河南部,はい,5874,6233,5669,4580,3847,3145,4133,33481,3339,4141,4245,3593,3401,3340,4955,27014
愛知県,2312,東三河南部,いいえ,6343,8616,9024,7287,5752,4100,4242,45364,4820,6076,6064,5086,4479,4121,5109,35755
愛知県,2313,名古屋・尾張中部,はい,21329,23009,20663,16498,12790,9992,12118,116399,13577,16028,16441,13931,11455,9947,13932,95311
愛知県,2313,名古屋・尾張中部,いいえ,29692,36061,36792,29422,21062,13444,13333,179806,22060,26242,25798,20007,14755,11730,14294,134886
三重県,2401,北勢,はい,7270,8389,7496,6184,4917,4278,6418,44952,4184,5471,5772,4890,4301,4616,7419,36653
三重県,2401,北勢,いいえ,9699,13383,13865,11362,8427,6124,6796,69656,7551,9855,9697,7906,6413,6354,8424,56200
三重県,2402,中勢伊賀,はい,3382,3817,3170,2656,2538,2583,3317,21463,2078,2391,2459,2258,2329,2654,3820,17989
三重県,2402,中勢伊賀,いいえ,4826,6076,6323,5217,4605,3602,3773,34422,3908,5037,4936,4224,4004,3737,4537,30383
三重県,2403,南勢志摩,はい,2883,3353,2928,2610,2460,2493,3637,20364,1837,2288,2372,2285,2334,2779,4221,18116
三重県,2403,南勢志摩,いいえ,4464,6005,6210,5513,4602,3920,4267,34981,3667,5066,5083,4553,4236,4553,5572,32730
三重県,2404,東紀州,はい,335,422,384,328,320,371,620,2780,205,271,284,270,323,446,710,2509
三重県,2404,東紀州,いいえ,482,727,755,742,678,738,749,4871,404,540,606,650,696,731,1101,4728
滋賀県,2501,大津,はい,2931,3296,2975,2453,2121,1904,2352,18032,2170,2520,2551,2279,2135,1853,2635,16143
滋賀県,2501,大津,いいえ,3897,5012,4886,4123,3266,2291,2352,25827,3824,4588,4470,3525,2808,2171,2574,23960
滋賀県,2502,湖南,はい,3290,3507,2889,2263,1664,1537,2223,17373,2107,2588,2321,1774,1594,1662,2606,14652
滋賀県,2502,湖南,いいえ,4538,5598,5187,4000,2732,1968,1997,26020,4187,4741,4153,2935,2189,2000,2682,22887
滋賀県,2503,甲賀,はい,1291,1333,1168,939,914,912,1241,7798,677,782,773,754,854,947,1363,6150
滋賀県,2503,甲賀,いいえ,1628,2116,2055,1737,1527,1223,1305,11591,1432,1742,1572,1435,1402,1220,1475,10278
滋賀県,2504,東近江,はい,1795,1866,1513,1274,1215,1209,1559,10431,1118,1254,1180,1130,1161,1291,1663,8797
滋賀県,2504,東近江,いいえ,2721,3222,3054,2589,2257,1680,1683,17206,2344,2660,2469,2246,2006,1705,1886,15316
滋賀県,2505,湖東,はい,1242,1332,1010,792,737,680,788,6581,708,816,785,749,701,731,988,5478
滋賀県,2505,湖東,いいえ,1886,2228,2136,1714,1461,1076,991,11492,1528,1857,1756,1421,1323,1113,1075,10073
滋賀県,2506,湖北,はい,1236,1301,1049,912,822,777,943,7040,705,758,876,839,852,883,1020,5933
滋賀県,2506,湖北,いいえ,1719,2167,2190,1901,1588,1166,1049,11780,1597,1926,1872,1681,1415,1174,1143,10808
滋賀県,2507,湖西,はい,278,297,305,279,293,244,267,1963,198,258,280,302,277,251,331,1897
滋賀県,2507,湖西,いいえ,401,527,592,545,556,337,303,3261,397,465,514,524,475,335,348,3058
京都府,2601,丹後,はい,561,683,612,551,535,611,836,4389,354,529,491,491,509,631,855,3860
京都府,2601,丹後,いいえ,877,1273,1346,1270,1155,859,858,7638,786,1120,1232,1134,1055,888,949,7164
京都府,2602,中丹,はい,1230,1418,1153,943,944,908,1404,8000,692,968,943,868,982,992,1754,7199
京都府,2602,中丹,いいえ,1788,2462,2446,2106,1810,1492,1576,13680,1521,2077,2006,1641,1553,1325,1739,11862
京都府,2603,南丹,はい,932,1019,841,723,762,805,1148,6230,549,729,742,725,802,842,1264,5653
京都府,2603,南丹,いいえ,1263,1580,1575,1387,1258,1063,1085,9211,1089,1371,1375,1237,1190,1011,1183,8456
京都府,2604,京都・乙訓,はい,11542,13251,12091,9719,8231,6246,7893,68973,8478,9931,10044,8672,7156,6277,8872,59430
京都府,2604,京都・乙訓,いいえ,14214,18432,18759,14986,11289,7513,7767,92960,13121,16164,15483,12194,8799,6775,8374,80910
京都府,2605,山城北,はい,3210,4009,3475,2631,2249,2137,3456,21167,2195,2832,2726,2468,2173,2551,4648,19593
京都府,2605,山城北,いいえ,4249,6052,5792,4548,3360,2733,3278,30012,3545,4831,4487,3455,2875,2931,4363,26487
京都府,2606,山城南,はい,980,1090,971,753,629,676,1017,6116,633,800,776,664,627,674,1102,5276
京都府,2606,山城南,いいえ,1296,1728,1633,1248,1030,763,845,8543,1085,1349,1178,1001,788,811,1056,7268
大阪府,2701,豊能,はい,8005,9070,8493,6793,5288,3947,4972,46568,5481,6768,7207,5926,4375,3808,5436,39001
大阪府,2701,豊能,いいえ,10230,12772,13112,10003,6790,4408,4819,62134,8520,10434,10194,7257,5035,4308,5797,51545
大阪府,2702,三島,はい,5641,6890,6312,4614,3734,3065,4277,34533,3890,5027,5224,4108,3300,3249,4976,29774
大阪府,2702,三島,いいえ,6805,9054,9164,6637,4780,3146,3269,42855,5878,7344,6841,4635,3643,3068,3935,35344
大阪府,2703,北河内,はい,7043,8770,7968,6246,4682,2919,2473,40101,4547,6077,6418,5021,3391,2220,2417,30091
大阪府,2703,北河内,いいえ,8518,11850,12492,9565,6553,3453,2305,54736,6718,9082,9044,6453,3926,2119,1721,39063
大阪府,2704,中河内,はい,4991,6026,5735,4456,3331,2304,2594,29437,2876,4059,4425,3720,2797,2236,3189,23302
大阪府,2704,中河内,いいえ,6165,8674,9328,7168,4982,2941,2783,42041,5080,7053,7235,5688,3985,2905,3089,35035
大阪府,2705,南河内,はい,3069,3745,3637,3181,2864,2329,2852,21677,1975,2732,2996,2744,2310,2229,3073,18059
大阪府,2705,南河内,いいえ,3614,5312,5923,4953,3869,2718,2576,28965,3199,4321,4609,3654,2790,2323,2819,23715
大阪府,2706,堺市,はい,5483,6806,6256,4617,3761,3003,4174,34100,3712,4971,5025,4230,3304,3450,5326,30018
大阪府,2706,堺市,いいえ,6534,9640,9788,7268,5041,3602,4192,46065,5914,7727,7356,5261,3890,3637,5531,39316
大阪府,2707,泉州,はい,5030,6288,5899,4639,3633,3100,3800,32389,3147,4340,4514,3745,3024,2892,3931,25593
大阪府,2707,泉州,いいえ,6439,9355,10089,7868,5764,3675,3260,46450,5398,7377,7573,5642,4020,3300,3556,36866
大阪府,2708,大阪市,はい,21925,24188,22810,17295,12934,7665,6031,112848,15447,17293,17643,14961,10323,5987,5348,87002
大阪府,2708,大阪市,いいえ,26693,32838,33479,25534,16774,8918,5937,150173,25597,30225,28874,21737,13614,6508,5055,131610
兵庫県,2801,神戸,はい,11624,13879,12872,10446,9369,7948,10065,76203,8771,10942,11222,9874,8903,8546,11691,69949
兵庫県,2801,神戸,いいえ,13931,18054,18751,15109,11649,8174,8343,94011,11653,14525,13959,11054,8712,7178,9146,76227
兵庫県,2804,東播磨,はい,5264,5934,5317,4062,3541,2962,3961,31041,3186,3878,3972,3338,2808,2985,4346,24513
兵庫県,2804,東播磨,いいえ,6916,8811,9050,7038,5230,3789,3827,44661,5279,6748,6647,4953,3890,3608,4454,35579
兵庫県,2805,北播磨,はい,1763,1927,1565,1349,1211,1218,1737,10770,1023,1257,1251,1153,1148,1251,1714,8797
兵庫県,2805,北播磨,いいえ,2181,3004,3168,2753,2281,1783,1632,16802,1856,2453,2433,2122,1877,1715,1817,14273
兵庫県,2808,但馬,はい,1189,1270,1063,910,983,1039,1444,7898,689,892,901,834,935,1157,1431,6839
兵庫県,2808,但馬,いいえ,1503,2070,2033,1867,1880,1648,1584,12585,1358,1810,1908,1866,1843,1663,1742,12190
兵庫県,2809,丹波,はい,677,714,586,490,561,552,738,4318,408,470,469,490,558,629,755,3779
兵庫県,2809,丹波,いいえ,911,1154,1087,985,966,816,739,6658,757,942,951,900,916,749,762,5977
兵庫県,2810,淡路,はい,782,842,772,615,704,797,1033,5545,521,641,615,577,688,798,1093,4933
兵庫県,2810,淡路,いいえ,967,1317,1262,1260,1173,1063,1067,8109,1035,1254,1202,1111,1228,1212,1289,8331
兵庫県,2811,阪神,はい,12264,14930,14449,11734,9440,7234,8668,78719,9156,11510,12314,10271,8017,6829,9292,67389
兵庫県,2811,阪神,いいえ,14537,20006,21207,16821,11572,7271,7067,98481,12263,16442,16305,11827,8439,6364,7666,79306
兵庫県,2812,播磨姫路,はい,5650,6260,5322,4413,3877,4003,5704,35229,3394,4189,4124,3895,3577,4317,6642,30138
兵庫県,2812,播磨姫路,いいえ,7813,10568,10261,8758,6992,5170,5386,54948,5934,8235,7717,6336,5460,5288,6756,45726
奈良県,2901,奈良,はい,2120,2606,2502,2109,1870,1496,1616,14319,1608,2104,2294,2008,1580,1408,1826,12828
奈良県,2901,奈良,いいえ,2724,3677,4017,3417,2618,1647,1447,19547,2697,3421,3531,2706,1942,1525,1515,17337
奈良県,2902,東和,はい,1235,1333,1251,1077,985,1007,1412,8300,817,1021,1087,1043,1041,1074,1528,7611
奈良県,2902,東和,いいえ,1282,1968,2042,1795,1532,1190,1198,11007,1310,1579,1644,1430,1237,1197,1486,9883
奈良県,2903,西和,はい,2283,2686,2525,1994,1747,1726,2606,15567,1643,2088,2172,1909,1743,2042,3322,14919
奈良県,2903,西和,いいえ,2782,3974,4064,3315,2523,1782,2151,20591,2590,3357,3185,2464,1999,1985,2861,18441
奈良県,2904,中和,はい,2598,2991,2675,2159,1941,1818,2462,16644,1831,2203,2452,2191,1904,2015,2969,15565
奈良県,2904,中和,いいえ,2893,4017,4356,3601,2691,1979,2020,21557,2622,3379,3390,2720,2196,2028,2539,18874
奈良県,2905,南和,はい,294,322,350,351,376,397,402,2492,229,287,299,373,357,360,431,2336
奈良県,2905,南和,いいえ,316,501,583,559,582,411,364,3316,323,451,442,509,531,394,399,3049
和歌山県,3001,和歌山,はい,2679,3111,2687,2301,2138,1915,2819,17650,1432,1738,1854,1733,1661,2079,3391,13888
和歌山県,3001,和歌山,いいえ,3623,4948,5052,4187,3391,2612,2823,26636,2800,3792,3795,3293,2686,2609,3612,22587
和歌山県,3002,那賀,はい,618,786,695,559,616,676,931,4881,381,481,589,559,552,752,1050,4364
和歌山県,3002,那賀,いいえ,889,1210,1268,1126,925,699,669,6786,757,1027,1026,978,836,705,811,6140
和歌山県,3003,橋本,はい,447,526,437,435,482,571,739,3637,321,376,403,410,472,583,762,3327
和歌山県,3003,橋本,いいえ,533,806,798,758,728,611,588,4822,475,702,730,661,680,616,759,4623
和歌山県,3004,有田,はい,414,506,425,400,381,401,527,3054,282,319,355,347,414,416,544,2677
和歌山県,3004,有田,いいえ,541,718,715,627,551,489,529,4170,543,627,695,591,504,573,572,4105
和歌山県,3005,御坊,はい,448,498,437,403,369,394,483,3032,280,316,318,326,338,457,506,2541
和歌山県,3005,御坊,いいえ,516,716,646,589,578,514,482,4041,434,568,571,525,502,505,512,3617
和歌山県,3006,田辺,はい,771,880,786,691,698,703,818,5347,486,545,565,623,605,680,883,4387
和歌山県,3006,田辺,いいえ,916,1328,1297,1225,1109,825,819,7519,971,1223,1211,1193,1055,908,1030,7591
和歌山県,3007,新宮,はい,296,410,359,286,325,311,527,2514,193,234,263,273,303,444,602,2312
和歌山県,3007,新宮,いいえ,371,524,583,571,510,436,515,3510,312,419,463,477,473,475,687,3306
鳥取県,3101,東部,はい,1307,1334,1037,879,859,994,1285,7695,603,669,691,621,727,1018,1404,5733
鳥取県,3101,東部,いいえ,2775,3439,3008,2804,2611,2154,1941,18732,2641,3141,2838,2624,2484,2289,2276,18293
鳥取県,3102,中部,はい,501,441,398,324,356,344,500,2864,209,309,216,203,290,362,536,2125
鳥取県,3102,中部,いいえ,1010,1203,1127,1102,1039,943,810,7234,958,1170,1063,1040,1032,994,961,7218
鳥取県,3103,西部,はい,1480,1479,1199,1077,979,1027,1225,8466,812,951,887,812,861,934,1428,6685
鳥取県,3103,西部,いいえ,2227,2935,2820,2392,2151,1704,1618,15847,2182,2640,2419,2183,1940,1693,1964,15021
島根県,3201,松江,はい,1864,1937,1609,1377,1284,1221,1564,10856,1189,1349,1222,1118,1137,1281,1797,9093
島根県,3201,松江,いいえ,2296,3055,3105,2526,2348,1919,1986,17235,2243,2985,2778,2420,2178,1924,2430,16958
島根県,3202,雲南,はい,415,461,314,293,328,399,532,2742,316,328,274,274,314,369,504,2379
島根県,3202,雲南,いいえ,498,674,613,587,719,632,638,4361,462,576,556,573,603,532,653,3955
島根県,3203,出雲,はい,1367,1414,1134,914,910,915,1310,7964,853,942,865,817,878,1079,1378,6812
島根県,3203,出雲,いいえ,1695,2159,2003,1840,1711,1511,1557,12476,1697,2045,1724,1651,1528,1521,1749,11915
島根県,3204,大田,はい,347,342,264,231,290,358,411,2243,219,238,198,205,278,348,460,1946
島根県,3204,大田,いいえ,454,598,544,530,567,513,648,3854,397,558,521,511,601,594,706,3888
島根県,3205,浜田,はい,531,633,497,404,444,475,665,3649,356,389,354,328,406,457,747,3037
島根県,3205,浜田,いいえ,693,881,804,806,881,825,966,5856,615,813,766,739,791,856,1071,5651
島根県,3206,益田,はい,434,448,294,301,333,427,638,2875,249,271,210,266,311,495,720,2522
島根県,3206,益田,いいえ,524,675,594,633,687,688,719,4520,434,598,561,507,599,643,835,4177
島根県,3207,隠岐,はい,154,132,75,75,98,131,176,841,112,123,75,92,82,128,215,827
島根県,3207,隠岐,いいえ,199,228,195,214,192,207,235,1470,158,194,184,164,184,217,256,1357
岡山県,3301,県南東部,はい,6016,6846,5618,4556,4136,4160,5196,36528,3882,4744,4651,4193,3908,4238,6006,31622
岡山県,3301,県南東部,いいえ,10046,13287,12300,9826,8001,5966,5615,65041,8819,11046,10243,8111,7033,5843,6683,57778
岡山県,3302,県南西部,はい,4826,5490,4501,3432,3053,3175,3896,28373,2970,3769,3663,2941,2740,3046,4281,23410
岡山県,3302,県南西部,いいえ,7415,9922,9382,7209,5852,4363,3831,47974,5921,8005,7224,5515,4865,4192,4620,40342
岡山県,3303,高梁・新見,はい,323,357,275,257,309,379,439,2339,203,245,214,233,332,380,511,2118
岡山県,3303,高梁・新見,いいえ,414,563,574,560,641,510,437,3699,357,471,432,466,534,473,403,3136
岡山県,3304,真庭,はい,301,275,209,221,275,301,397,1979,194,176,177,208,223,322,393,1693
岡山県,3304,真庭,いいえ,406,530,441,401,483,408,407,3076,360,441,401,440,488,452,487,3069
岡山県,3305,津山・英田,はい,1099,1172,932,684,818,941,1206,6852,689,848,776,698,841,992,1328,6172
岡山県,3305,津山・英田,いいえ,1525,2006,1849,1479,1505,1239,1186,10789,1443,1728,1580,1395,1467,1240,1330,10183
広島県,3401,広島,はい,10003,11715,10251,8154,6435,4005,3224,53787,7036,8454,8170,6410,4670,2846,2534,40120
広島県,3401,広島,いいえ,15452,20430,20373,15961,11647,6439,4247,94549,11735,15240,14377,10717,7497,4403,3579,67548
広島県,3402,広島西,はい,953,1075,907,752,779,741,750,5957,799,924,874,770,734,649,590,5340
広島県,3402,広島西,いいえ,1244,1656,1616,1464,1265,843,719,8807,816,1122,1129,958,868,690,642,6225
広島県,3403,呉,はい,1055,1460,1246,1188,1029,932,1197,8107,733,1055,1024,861,803,879,1233,6588
広島県,3403,呉,いいえ,1864,2857,2844,2378,1975,1429,1244,14591,1517,2136,2053,1883,1498,1153,1520,11760
広島県,3404,広島中央,はい,1897,2080,1796,1323,1167,861,1046,10170,1221,1545,1343,1150,1006,800,1024,8089
広島県,3404,広島中央,いいえ,2404,3183,3098,2642,1966,1215,1040,15548,1363,1922,1912,1492,1341,1001,1044,10075
広島県,3405,尾三,はい,1565,1696,1410,1122,1098,1147,1415,9453,964,1155,1077,968,972,1044,1321,7501
広島県,3405,尾三,いいえ,1973,2801,2603,2265,2101,1610,1491,14844,1513,2160,2106,1867,1908,1670,1842,13066
広島県,3406,福山・府中,はい,3933,4364,3394,2801,2363,2060,2420,21335,2562,3124,2849,2398,2174,2145,2553,17805
広島県,3406,福山・府中,いいえ,4754,6227,5849,4579,3844,2756,2296,30305,3431,4361,4191,3239,2732,2172,2251,22377
広島県,3407,備北,はい,580,600,488,386,452,511,700,3717,416,457,431,414,457,571,745,3491
広島県,3407,備北,いいえ,681,914,861,797,832,776,710,5571,616,807,749,724,798,760,708,5162
山口県,3501,岩国,はい,824,962,881,830,724,701,924,5846,529,639,690,609,586,758,960,4771
山口県,3501,岩国,いいえ,840,1317,1339,1089,1027,865,875,7352,716,1074,1131,905,826,794,1069,6515
山口県,3502,柳井,はい,484,601,484,372,381,395,446,3163,290,379,403,297,328,379,565,2641
山口県,3502,柳井,いいえ,516,760,741,617,611,534,471,4250,455,638,654,558,568,530,530,3933
山口県,3503,周南,はい,1947,2368,1969,1379,1259,1264,1826,12012,1139,1589,1577,1353,1310,1580,2530,11078
山口県,3503,周南,いいえ,2098,3071,3088,2404,1972,1468,1469,15570,1748,2455,2254,1706,1469,1283,1639,12554
山口県,3504,山口・防府,はい,2462,2805,2269,1800,1597,1363,1592,13888,1328,1554,1548,1357,1272,1237,1607,9903
山口県,3504,山口・防府,いいえ,3162,4219,4012,3396,2986,2025,1791,21591,2387,3058,2857,2298,2049,1677,1740,16066
山口県,3505,宇部・小野田,はい,1884,2084,1711,1412,1244,1079,1249,10663,959,1154,1182,1073,936,978,1293,7575
山口県,3505,宇部・小野田,いいえ,2067,2826,2628,2292,1964,1574,1572,14923,1763,2093,2171,1759,1632,1598,1965,12981
山口県,3506,下関,はい,1531,1839,1476,1188,1043,772,543,8392,891,1096,1106,994,788,518,407,5800
山口県,3506,下関,いいえ,1982,2705,2512,2167,1787,1223,711,13087,1574,2076,2113,1838,1458,839,639,10537
山口県,3507,長門,はい,231,259,187,152,187,161,204,1381,132,151,166,155,173,188,260,1225
山口県,3507,長門,いいえ,283,354,339,266,306,273,280,2101,241,297,299,274,330,301,305,2047
山口県,3508,萩,はい,352,381,321,273,331,362,413,2433,220,280,306,288,312,388,462,2256
山口県,3508,萩,いいえ,277,449,441,418,415,393,378,2771,220,344,353,332,367,407,491,2514
徳島県,3601,東部,はい,3355,3500,2954,2603,2394,2542,3616,20964,2164,2513,2488,2366,2324,3123,4240,19218
徳島県,3601,東部,いいえ,4406,5778,5641,4996,4329,3477,3602,32229,4133,5266,5065,4321,3871,3950,4444,31050
徳島県,3603,南部,はい,883,914,696,653,638,817,1293,5894,531,629,628,624,688,936,1481,5517
徳島県,3603,南部,いいえ,1228,1618,1565,1376,1267,1201,1392,9647,997,1251,1374,1181,1243,1397,1700,9143
徳島県,3605,西部,はい,366,354,329,318,379,573,766,3085,241,286,306,328,420,600,836,3017
徳島県,3605,西部,いいえ,517,615,619,655,726,682,671,4485,478,594,565,643,683,700,729,4392
香川県,3702,小豆,はい,139,145,107,104,114,131,201,941,105,110,104,91,99,141,261,911
香川県,3702,小豆,いいえ,184,196,219,222,201,215,311,1548,193,232,228,229,248,298,381,1809
香川県,3706,東部,はい,3765,4412,3509,3012,2626,2441,3376,23141,2414,3109,2929,2476,2445,2705,4177,20255
香川県,3706,東部,いいえ,5186,7019,6868,5361,4535,3472,3774,36215,4823,6205,5727,4447,3915,3554,4688,33359
香川県,3707,西部,はい,2725,2870,2356,1933,2010,2105,2963,16962,1653,1972,1845,1703,1737,2123,3384,14417
香川県,3707,西部,いいえ,3068,4266,4014,3451,3201,2679,2839,23518,2901,3837,3538,3014,3053,2931,3596,22870
愛媛県,3801,宇摩,はい,632,764,626,546,432,347,420,3767,370,488,449,359,344,360,366,2736
愛媛県,3801,宇摩,いいえ,748,965,883,840,659,425,277,4797,600,722,715,639,453,382,332,3843
愛媛県,3802,新居浜・西条,はい,1803,2067,1570,1348,1123,868,965,9744,1080,1275,1177,1086,902,874,1055,7449
愛媛県,3802,新居浜・西条,いいえ,1714,2349,2242,2004,1642,990,817,11758,1444,1842,1735,1507,1180,843,842,9393
愛媛県,3803,今治,はい,1521,1757,1479,1206,1117,925,1214,9219,853,1069,1133,990,918,936,1329,7228
愛媛県,3803,今治,いいえ,997,1420,1440,1175,1006,759,723,7520,962,1294,1258,1002,888,625,757,6786
愛媛県,3804,松山,はい,5622,6267,5214,4184,3676,2846,2636,30445,3736,4309,4288,3715,3321,2724,2798,24891
愛媛県,3804,松山,いいえ,6333,8329,7896,6654,5628,3382,2091,40313,5529,6820,6252,5035,4053,2736,2105,32530
愛媛県,3805,八幡浜・大洲,はい,935,1054,911,918,911,889,1059,6677,693,807,943,861,852,1010,1226,6392
愛媛県,3805,八幡浜・大洲,いいえ,1021,1412,1297,1353,1300,823,637,7843,928,1132,1147,1100,1035,725,609,6676
愛媛県,3806,宇和島,はい,884,1072,880,835,806,772,1103,6352,673,863,894,889,932,1017,1353,6621
愛媛県,3806,宇和島,いいえ,653,872,854,864,775,533,406,4957,595,852,815,744,694,535,438,4673
高知県,3901,安芸,はい,324,340,326,277,270,297,447,2281,179,212,234,255,268,412,605,2165
高知県,3901,安芸,いいえ,280,375,390,409,400,350,376,2580,250,371,356,345,378,404,501,2605
高知県,3902,中央,はい,4255,4658,3641,3108,2854,2799,3664,24979,2698,3238,3169,2959,2896,3122,4437,22519
高知県,3902,中央,いいえ,4524,6291,5879,5003,4323,3393,3334,32747,4595,5804,5381,4386,3893,3276,3765,31100
高知県,3903,高幡,はい,379,383,350,311,362,447,638,2870,213,264,261,266,372,554,725,2655
高知県,3903,高幡,いいえ,387,486,501,455,514,480,505,3328,317,448,411,429,422,409,463,2899
高知県,3904,幡多,はい,549,590,477,378,485,654,961,4094,336,463,446,417,562,902,1271,4397
高知県,3904,幡多,いいえ,495,713,643,613,623,544,524,4155,554,720,639,621,592,556,635,4317
福岡県,4001,福岡・糸島,はい,14377,14490,12490,9808,8294,6931,8004,74394,10689,11260,10671,8850,7445,7024,8986,64925
福岡県,4001,福岡・糸島,いいえ,17056,20189,19130,15007,11262,7660,6903,97207,15344,17267,15088,11190,8321,6579,7300,81089
福岡県,4002,粕屋,はい,2824,2889,2150,1566,1466,1348,1445,13688,1839,2056,1638,1358,1262,1224,1375,10752
福岡県,4002,粕屋,いいえ,3139,4050,3302,2421,2132,1518,1285,17847,2698,2987,2444,1826,1570,1268,1266,14059
福岡県,4003,宗像,はい,1406,1247,984,811,862,914,1014,7238,993,974,894,838,865,906,1082,6552
福岡県,4003,宗像,いいえ,1524,1695,1473,1223,1218,894,814,8841,1287,1404,1232,1050,924,837,756,7490
福岡県,4004,筑紫,はい,3423,3489,3023,2464,2262,2111,2534,19306,2369,2819,2683,2374,2048,2079,2716,17088
福岡県,4004,筑紫,いいえ,3918,5119,4687,3690,3035,2278,2240,24967,3596,4220,3903,2994,2479,2145,2509,21846
福岡県,4005,朝倉,はい,702,655,539,457,469,582,716,4120,447,514,476,488,538,613,742,3818
福岡県,4005,朝倉,いいえ,736,872,791,697,706,628,607,5037,588,708,665,629,579,657,715,4541
福岡県,4006,久留米,はい,3250,3283,2688,2415,2332,2272,2812,19052,2247,2521,2565,2387,2259,2554,3220,17753
福岡県,4006,久留米,いいえ,3611,4481,4221,3644,3281,2578,2361,24177,3231,3933,3821,3169,2758,2486,2782,22180
福岡県,4007,八女・筑後,はい,1174,1137,904,842,887,904,1020,6868,786,825,895,892,880,953,1147,6378
福岡県,4007,八女・筑後,いいえ,903,1111,1128,1049,1051,848,924,7014,822,1047,1008,957,917,944,1055,6750
福岡県,4008,有明,はい,1309,1290,1095,1057,1147,1207,1587,8692,846,992,946,1037,1089,1368,1960,8238
福岡県,4008,有明,いいえ,1323,1649,1722,1681,1581,1289,1365,10610,1210,1516,1547,1517,1363,1439,1717,10309
福岡県,4009,飯塚,はい,1237,1242,912,766,912,937,1334,7340,815,921,795,732,922,1153,1626,6964
福岡県,4009,飯塚,いいえ,1402,1695,1491,1296,1359,1243,1410,9896,1423,1703,1520,1255,1352,1337,1683,10273
福岡県,4010,直方・鞍手,はい,789,760,551,459,501,558,813,4431,437,428,438,424,479,591,900,3697
福岡県,4010,直方・鞍手,いいえ,959,1066,952,821,903,761,792,6254,766,865,876,727,738,798,906,5676
福岡県,4011,田川,はい,709,714,578,443,491,564,742,4241,473,522,496,479,531,658,858,4017
福岡県,4011,田川,いいえ,824,1074,964,856,899,843,831,6291,822,1033,923,863,833,880,958,6312
福岡県,4012,北九州,はい,8112,8489,7101,5887,5472,5159,6688,46908,5098,5759,5972,5428,4919,5276,7716,40168
福岡県,4012,北九州,いいえ,9301,11941,11642,9717,8821,7241,7537,66200,7992,10134,9864,8021,6872,6696,9189,58768
福岡県,4013,京築,はい,1403,1548,1225,1002,1001,1060,1422,8661,877,1001,883,833,889,1057,1517,7057
福岡県,4013,京築,いいえ,1658,2165,2096,1815,1656,1435,1432,12257,1314,1753,1723,1406,1367,1516,1724,10803
佐賀県,4101,中部,はい,2468,2431,2110,1842,1876,2023,2575,15325,1669,1844,1831,1832,1820,2321,2853,14170
佐賀県,4101,中部,いいえ,3202,3905,3756,3556,3060,2556,2196,22231,2854,3485,3278,2918,2690,2275,2199,19699
佐賀県,4102,東部,はい,1093,1036,841,741,657,751,1062,6181,607,705,688,555,650,799,1180,5184
佐賀県,4102,東部,いいえ,1364,1616,1407,1136,1002,809,785,8119,1003,1208,1114,813,788,817,967,6710
佐賀県,4103,北部,はい,786,795,623,570,641,646,872,4933,529,611,566,609,660,757,902,4634
佐賀県,4103,北部,いいえ,916,1145,997,999,986,924,854,6821,945,1088,933,976,1009,931,912,6794
佐賀県,4104,西部,はい,605,535,454,432,437,542,718,3723,368,356,348,385,406,593,896,3352
佐賀県,4104,西部,いいえ,702,777,758,733,725,608,491,4794,621,695,660,664,672,628,600,4540
佐賀県,4105,南部,はい,854,833,697,800,845,984,1320,6333,544,612,665,713,869,1211,1621,6235
佐賀県,4105,南部,いいえ,1125,1280,1304,1375,1282,1151,1228,8745,930,1108,1075,1083,1194,1211,1372,7973
長崎県,4201,長崎,はい,3218,3481,3165,2830,2752,3057,4098,22601,2430,2849,2849,2815,2929,3414,4798,22084
長崎県,4201,長崎,いいえ,3998,5442,5654,5057,4522,3574,3622,31869,3865,4761,4680,4093,3592,3588,4190,28769
長崎県,4202,佐世保県北,はい,1614,1739,1430,1405,1448,1707,2311,11654,1166,1380,1362,1302,1450,2118,2820,11598
長崎県,4202,佐世保県北,いいえ,1861,2370,2320,2247,2123,1901,1885,14707,1833,2098,2110,1894,1797,1838,2115,13685
長崎県,4203,県央,はい,1917,1942,1684,1507,1449,1621,2070,12190,1281,1415,1430,1444,1479,1763,2464,11276
長崎県,4203,県央,いいえ,2321,2948,2834,2601,2355,1894,1663,16616,2105,2389,2413,2075,1882,1939,2124,14927
長崎県,4204,県南,はい,793,839,814,772,853,1091,1413,6575,618,711,792,862,1026,1365,1735,7109
長崎県,4204,県南,いいえ,713,902,938,1052,1123,869,917,6514,707,883,963,957,1018,1030,1122,6680
長崎県,4206,五島,はい,205,169,174,164,173,281,325,1491,112,118,148,173,212,328,409,1500
長崎県,4206,五島,いいえ,197,293,291,302,329,296,285,1993,218,242,259,256,331,314,311,1931
長崎県,4207,上五島,はい,147,153,117,119,133,175,179,1023,81,101,103,141,151,178,227,982
長崎県,4207,上五島,いいえ,153,194,214,257,248,213,179,1458,105,146,141,175,190,193,199,1149
長崎県,4208,壱岐,はい,139,127,130,108,128,146,240,1018,106,96,93,87,107,158,262,909
長崎県,4208,壱岐,いいえ,216,279,279,267,270,277,289,1877,229,275,223,290,273,303,348,1941
長崎県,4209,対馬,はい,160,171,136,119,162,228,259,1235,115,125,140,126,207,265,325,1303
長崎県,4209,対馬,いいえ,229,288,283,278,321,307,336,2042,217,254,231,266,272,335,351,1926
熊本県,4302,宇城,はい,697,652,607,599,567,633,765,4520,473,520,553,531,550,658,824,4109
熊本県,4302,宇城,いいえ,896,1086,1001,1101,996,770,656,6506,797,898,880,818,828,718,630,5569
熊本県,4303,有明,はい,1029,935,733,764,712,809,995,5977,602,714,647,667,760,831,1060,5281
熊本県,4303,有明,いいえ,1347,1445,1411,1319,1318,1161,1060,9061,1164,1354,1264,1210,1167,1057,1100,8316
熊本県,4304,鹿本,はい,360,298,261,249,258,282,342,2050,221,216,225,206,227,269,325,1689
熊本県,4304,鹿本,いいえ,421,495,512,489,484,389,353,3143,368,444,474,458,460,400,386,2990
熊本県,4305,菊池,はい,1618,1579,1113,1101,1044,1056,1117,8628,1161,1180,1006,965,941,959,1075,7287
熊本県,4305,菊池,いいえ,2363,2617,2162,1870,1612,1227,986,12837,1983,2001,1648,1468,1330,1108,985,10523
熊本県,4306,阿蘇,はい,450,434,338,399,417,565,738,3341,294,316,333,380,448,641,777,3189
熊本県,4306,阿蘇,いいえ,456,518,532,573,621,685,593,3978,496,569,559,569,606,669,644,4112
熊本県,4308,八代,はい,946,913,733,750,687,700,843,5572,656,737,680,691,759,839,954,5316
熊本県,4308,八代,いいえ,1202,1461,1484,1396,1292,1036,887,8758,1066,1318,1270,1271,1224,1111,1047,8307
熊本県,4309,芦北,はい,274,280,272,249,240,270,284,1869,172,175,190,208,187,270,283,1485
熊本県,4309,芦北,いいえ,296,361,440,483,432,345,264,2621,265,310,352,379,411,340,281,2338
熊本県,4310,球磨,はい,559,596,522,506,595,664,892,4334,375,398,432,495,506,737,979,3922
熊本県,4310,球磨,いいえ,774,911,898,1036,1095,1026,992,6732,843,987,948,965,1069,1016,1125,6953
熊本県,4311,天草,はい,774,771,709,679,851,955,1127,5866,644,748,785,895,911,1154,1254,6391
熊本県,4311,天草,いいえ,785,982,1054,1094,1176,1029,927,7047,788,931,977,1065,1146,1118,1023,7048
熊本県,4312,熊本・上益城,はい,5822,6142,4907,4596,4371,4093,4489,34420,4089,4825,4434,4313,4072,4129,5064,30926
熊本県,4312,熊本・上益城,いいえ,8065,9719,9061,8249,7045,5416,4599,52154,7840,9004,8226,7141,5908,5122,5425,48666
大分県,4401,東部,はい,1270,1375,1107,1042,1117,1281,1747,8939,1075,1226,1227,1189,1218,1541,2211,9687
大分県,4401,東部,いいえ,1298,1693,1760,1585,1672,1484,1583,11075,1304,1643,1736,1646,1649,1494,1885,11357
大分県,4403,中部,はい,4912,5084,3939,3372,3404,3326,4030,28067,3488,3957,3784,3342,3316,3491,4688,26066
大分県,4403,中部,いいえ,5413,7200,6634,5587,5237,4150,3631,37852,4944,6047,5509,4594,4284,3798,4139,33315
大分県,4405,南部,はい,458,495,377,356,419,609,881,3595,374,400,407,428,633,1005,1379,4626
大分県,4405,南部,いいえ,482,585,599,634,566,526,443,3835,392,457,527,470,432,277,270,2825
大分県,4406,豊肥,はい,372,369,323,303,413,554,863,3197,323,322,341,348,556,715,981,3586
大分県,4406,豊肥,いいえ,321,397,429,431,594,455,415,3042,325,390,372,393,482,430,409,2801
大分県,4408,西部,はい,852,949,817,814,909,887,1020,6248,699,742,779,811,925,962,1191,6109
大分県,4408,西部,いいえ,454,586,579,629,648,550,458,3904,360,489,452,462,440,408,450,3061
大分県,4409,北部,はい,1519,1527,1132,1025,1021,1122,1431,8777,847,936,943,891,1033,1311,1784,7745
大分県,4409,北部,いいえ,1389,1627,1691,1542,1383,1033,914,9579,1001,1213,1231,1094,1107,990,1008,7644
宮崎県,4501,宮崎東諸県,はい,3497,3667,2968,2466,2382,2286,2666,19932,2221,2657,2418,2343,2146,2329,3092,17206
宮崎県,4501,宮崎東諸県,いいえ,4223,5402,5034,4463,3796,2735,2262,27915,3819,4700,4244,3373,2828,2361,2455,23780
宮崎県,4502,都城北諸県,はい,1355,1278,1007,893,1061,1161,1714,8469,800,871,805,827,1003,1393,1961,7660
宮崎県,4502,都城北諸県,いいえ,1698,1939,1702,1657,1823,1537,1648,12004,1458,1671,1602,1505,1686,1833,2192,11947
宮崎県,4503,延岡西臼杵,はい,1293,1350,1246,1082,998,1018,1423,8410,727,920,825,885,938,1137,1556,6988
宮崎県,4503,延岡西臼杵,いいえ,1391,1800,1708,1582,1449,1186,1269,10385,1071,1294,1302,1118,1125,1198,1444,8552
宮崎県,4504,日南串間,はい,358,357,321,298,354,410,565,2663,192,205,218,254,330,469,645,2313
宮崎県,4504,日南串間,いいえ,444,505,518,535,602,543,498,3645,392,441,431,503,494,526,665,3452
宮崎県,4505,西諸,はい,424,348,316,339,426,514,808,3175,260,220,255,324,408,593,916,2976
宮崎県,4505,西諸,いいえ,478,537,490,571,647,644,661,4028,452,513,447,555,605,673,693,3938
宮崎県,4506,西都児湯,はい,651,633,523,508,593,851,1139,4898,463,480,526,521,634,945,1338,4907
宮崎県,4506,西都児湯,いいえ,617,794,715,726,723,652,529,4756,598,805,666,643,651,628,626,4617
宮崎県,4507,日向入郷,はい,662,675,505,466,437,604,789,4138,441,485,455,440,454,629,853,3757
宮崎県,4507,日向入郷,いいえ,616,767,687,712,682,573,557,4594,578,626,659,543,581,526,726,4239
鹿児島県,4601,鹿児島,はい,4888,5163,4015,3537,3518,3826,5141,30088,3304,3641,3601,3332,3379,4186,5910,27353
鹿児島県,4601,鹿児島,いいえ,5843,7148,6861,6423,6182,4941,4565,41963,5175,5927,5441,4699,4561,4616,5131,35550
鹿児島県,4603,南薩,はい,725,684,652,624,793,1145,1570,6193,408,470,503,597,791,1300,1815,5884
鹿児島県,4603,南薩,いいえ,741,861,912,1072,1199,1293,1304,7382,687,763,793,871,1104,1304,1483,7005
鹿児島県,4605,川薩,はい,774,761,618,687,733,941,1320,5834,451,492,573,607,696,1023,1447,5289
鹿児島県,4605,川薩,いいえ,1034,1207,1181,1319,1305,1199,1340,8585,918,1018,1017,1034,1143,1259,1409,7798
鹿児島県,4606,出水,はい,526,510,464,420,450,601,840,3811,349,358,377,398,478,757,947,3664
鹿児島県,4606,出水,いいえ,624,703,745,794,738,670,652,4926,570,680,689,685,677,704,721,4726
鹿児島県,4607,姶良・伊佐,はい,1751,1761,1513,1452,1510,1709,2497,12193,1127,1186,1269,1312,1452,1916,2863,11125
鹿児島県,4607,姶良・伊佐,いいえ,1975,2382,2443,2470,2329,1825,1827,15251,1726,2064,2041,1927,1916,1816,2044,13534
鹿児島県,4609,曽於,はい,391,370,317,370,483,529,743,3203,246,261,272,323,424,612,866,3004
鹿児島県,4609,曽於,いいえ,558,572,651,661,744,667,604,4457,444,455,500,577,666,609,547,3798
鹿児島県,4610,肝属,はい,966,886,722,729,896,1140,1467,6806,580,619,701,690,907,1254,1698,6449
鹿児島県,4610,肝属,いいえ,1181,1223,1248,1298,1377,1149,1067,8543,934,1086,1046,1097,1190,1130,1133,7616
鹿児島県,4611,熊毛,はい,266,303,243,240,272,308,375,2007,168,188,207,195,226,315,384,1683
鹿児島県,4611,熊毛,いいえ,263,319,382,379,351,331,295,2320,229,235,257,221,277,347,369,1935
鹿児島県,4612,奄美,はい,735,700,634,628,690,976,1124,5487,570,544,512,526,716,1087,1264,5219
鹿児島県,4612,奄美,いいえ,575,770,764,843,823,759,607,5141,615,715,674,671,741,755,700,4871
沖縄県,4701,北部,はい,713,704,536,518,634,880,987,4972,517,472,390,474,626,753,925,4157
沖縄県,4701,北部,いいえ,809,954,786,765,835,704,560,5413,745,843,661,713,726,646,497,4831
沖縄県,4702,中部,はい,3345,3718,3099,2391,1972,1704,1637,17866,2680,3138,2837,2221,2066,1795,1883,16620
沖縄県,4702,中部,いいえ,3579,4651,4227,3595,2813,1910,1456,22231,3496,4298,3746,3069,2240,1786,1475,20110
沖縄県,4703,南部,はい,4274,4660,4041,3287,3059,3098,3335,25754,3256,3489,3591,3245,3289,3691,4313,24874
沖縄県,4703,南部,いいえ,6519,7984,7320,6037,4700,3513,3000,39073,6742,7856,7088,5680,4249,3600,3026,38241
沖縄県,4704,宮古,はい,351,322,249,268,290,344,334,2158,246,236,209,209,275,349,387,1911
沖縄県,4704,宮古,いいえ,368,491,430,473,475,448,306,2991,404,419,349,422,485,430,310,2819
沖縄県,4705,八重山,はい,180,218,192,135,170,194,263,1352,140,145,122,117,148,200,254,1126
沖縄県,4705,八重山,いいえ,231,258,250,195,209,235,182,1560,268,262,223,214,228,251,235,1681
二次医療圏判別不可,,,はい,31319,31419,29066,26667,14596,4846,3398,141311,15153,17165,16571,13730,7351,3128,2030,75128
二次医療圏判別不可,,,いいえ,44836,51253,53566,48143,23394,5691,2844,229727,25620,30306,29330,21446,11137,4358,2451,124648
