都道府県名,回答,男40～44歳,男45～49歳,男50～54歳,男55～59歳,男60～64歳,男65～69歳,男70～74歳,男中計,女40～44歳,女45～49歳,女50～54歳,女55～59歳,女60～64歳,女65～69歳,女70～74歳,女中計
北海道,はい,227,406,495,562,624,506,481,3301,134,209,245,266,214,189,294,1551
北海道,いいえ,73423,91124,84473,75281,66636,49714,44302,484953,55729,68920,66403,58320,48871,41970,48073,388286
青森県,はい,83,119,142,190,189,170,227,1120,66,66,91,114,81,110,137,665
青森県,いいえ,20594,24390,23336,21859,20645,17018,17408,145250,16066,19817,19536,18740,17926,17870,20824,130779
岩手県,はい,67,105,141,152,156,159,205,985,57,67,73,72,74,88,141,572
岩手県,いいえ,23021,26573,24642,23128,21837,19696,21043,159940,17252,20609,19923,18809,19022,20816,24824,141255
宮城県,はい,139,188,232,252,308,346,484,1949,78,130,130,153,142,173,301,1107
宮城県,いいえ,44585,51360,46895,40252,36433,33876,37455,290856,35373,41462,38273,33924,32820,35343,42590,259785
秋田県,はい,33,51,68,90,114,90,89,535,29,35,53,40,46,53,73,329
秋田県,いいえ,12360,14361,13595,13521,13397,13033,14743,95010,10092,11722,11919,11518,12622,15107,17843,90823
山形県,はい,51,71,110,124,146,147,182,831,55,66,90,111,140,174,208,844
山形県,いいえ,22914,25082,22973,21773,21808,20658,21368,156576,19205,21461,20366,19901,20318,20784,21344,143379
福島県,はい,121,183,216,240,294,263,374,1691,77,98,145,120,114,141,218,913
福島県,いいえ,33239,38065,34409,32544,31450,29139,31021,229867,26059,30339,28782,27890,28684,29986,33869,205609
茨城県,はい,147,216,314,333,352,236,275,1873,88,125,145,129,114,111,146,858
茨城県,いいえ,52013,62892,59820,49405,41075,36477,39031,340713,37510,46296,45273,38184,35082,36677,42238,281260
栃木県,はい,120,175,271,248,293,268,361,1736,83,94,110,108,123,158,223,899
栃木県,いいえ,38121,44905,41180,34538,29890,26394,27804,242832,26751,32215,31095,26343,25069,26262,30168,197903
群馬県,はい,160,244,305,295,312,300,453,2069,77,133,157,138,150,150,234,1039
群馬県,いいえ,35349,43294,41422,34581,29253,26297,30971,241167,24226,31881,32007,27243,24889,27970,37160,205376
埼玉県,はい,388,613,835,801,770,717,1079,5203,252,363,426,418,303,356,568,2686
埼玉県,いいえ,136911,166983,161405,127024,98768,80773,95670,867534,99526,123579,123349,99746,81408,80969,113110,721687
千葉県,はい,354,610,765,719,765,738,1093,5044,285,446,498,424,380,404,653,3090
千葉県,いいえ,112420,137898,134797,105385,82533,70111,84547,727691,84167,103948,104258,83586,69762,72720,100309,618750
東京都,はい,978,1451,1822,1917,1668,1403,2154,11393,651,865,1036,897,715,742,1211,6117
東京都,いいえ,298757,336737,327755,265609,190015,137795,163126,1719794,248654,284899,277929,219392,166416,148241,207389,1552920
神奈川県,はい,637,1032,1306,1313,1132,844,1127,7391,350,514,586,519,364,333,564,3230
神奈川県,いいえ,176063,212729,215606,175334,124813,85473,95761,1085779,131150,161059,164224,128494,94500,79732,108914,868073
新潟県,はい,175,272,375,390,434,410,504,2560,118,167,208,203,242,196,247,1381
新潟県,いいえ,44574,52389,48626,42983,38917,35050,39180,301719,34025,41787,39460,35930,33719,35501,43202,263624
富山県,はい,85,123,154,171,178,159,212,1082,69,103,133,115,100,115,178,813
富山県,いいえ,21778,27861,25674,20732,17343,14371,17237,144996,15938,21033,20307,17073,15015,15259,21471,126096
石川県,はい,81,130,151,151,184,150,211,1058,68,98,89,104,99,99,141,698
石川県,いいえ,20334,25975,23389,19030,15905,13408,17183,135224,15933,20588,19313,16280,14691,15027,21547,123379
福井県,はい,103,177,188,201,175,117,128,1089,57,91,92,84,95,59,65,543
福井県,いいえ,14792,17515,15967,13713,11785,8472,7594,89838,10483,13075,12680,11101,9381,7426,7645,71791
山梨県,はい,48,65,99,103,117,140,185,757,25,39,65,39,45,86,125,424
山梨県,いいえ,14637,17687,18048,16209,13958,12619,13258,106416,11692,14861,15410,14237,13157,13256,14707,97320
長野県,はい,133,199,268,290,280,303,413,1886,71,105,144,146,126,163,266,1021
長野県,いいえ,40186,49255,47301,40242,33987,29592,33713,274276,30209,39001,38688,34221,30882,30309,38539,241849
岐阜県,はい,100,169,219,246,235,252,418,1639,49,85,123,117,128,169,288,959
岐阜県,いいえ,37621,46655,44478,36997,31283,26740,31407,255181,26194,33966,34561,30191,27637,27466,35962,215977
静岡県,はい,186,284,406,435,461,451,574,2797,88,197,186,181,174,188,314,1328
静岡県,いいえ,71344,86011,83424,69608,58047,44718,48494,461646,51399,64455,64839,54791,48303,43670,52790,380247
愛知県,はい,404,598,813,872,807,600,983,5077,257,331,426,355,300,325,644,2638
愛知県,いいえ,157163,187509,181446,143826,106438,78888,95403,950673,105778,130914,130090,103952,84218,79991,112073,747016
三重県,はい,78,154,209,209,230,258,360,1498,55,87,95,97,112,121,235,802
三重県,いいえ,33202,41861,40641,34272,28254,23861,29258,231349,23667,30690,30912,26836,24465,25751,35629,197950
滋賀県,はい,82,110,137,166,174,179,246,1094,46,62,79,70,76,82,142,557
滋賀県,いいえ,29362,33983,31036,25571,21253,17182,19365,177752,22974,26896,25501,21562,19240,17569,22153,155895
京都府,はい,108,131,221,212,196,164,251,1283,73,108,119,119,97,80,142,738
京都府,いいえ,40404,50563,48019,38672,31179,21703,22852,253392,32366,40652,39396,32329,25483,19833,25267,215326
大阪府,はい,678,949,1171,1255,1175,915,1002,7145,637,942,1020,877,675,522,628,5301
大阪府,いいえ,136832,172003,171529,132508,98625,71383,83307,866187,111197,140074,141849,112480,85006,73970,103620,768196
兵庫県,はい,280,437,548,613,617,550,848,3893,229,304,351,361,278,331,551,2405
兵庫県,いいえ,90073,112493,110082,89928,73330,58283,67788,601977,68777,88246,88361,73020,62056,58230,78249,516939
奈良県,はい,65,118,156,159,177,222,329,1226,47,88,100,84,80,111,196,706
奈良県,いいえ,18241,23658,23926,20149,16913,14141,17446,134474,15680,20006,20732,17760,15377,15809,22126,127490
和歌山県,はい,55,84,119,125,120,150,187,840,27,56,57,70,57,69,116,452
和歌山県,いいえ,12602,16322,15781,13776,12545,10885,13072,94983,9575,12188,12633,11773,10908,11678,15581,84336
鳥取県,はい,30,34,40,62,56,56,91,369,19,19,32,28,26,39,56,219
鳥取県,いいえ,7567,8796,7830,7131,6616,6052,6695,50687,5971,7274,6682,6092,6147,6589,8246,47001
島根県,はい,24,40,58,64,60,79,161,486,18,21,23,32,31,61,98,284
島根県,いいえ,11369,13498,11856,10587,10794,10237,11992,80333,9245,11390,10313,9683,9976,10574,13668,74849
岡山県,はい,96,145,193,164,193,199,293,1283,69,98,101,91,109,120,192,780
岡山県,いいえ,31646,39045,34776,27868,24980,21193,22286,201794,24696,31142,29093,24095,22350,21039,25829,178244
広島県,はい,153,227,314,357,352,221,267,1891,86,173,183,137,106,116,146,947
広島県,いいえ,49587,62275,57755,46748,38500,28538,29063,312466,35690,45710,43746,35459,30010,25833,31043,247491
山口県,はい,78,132,153,178,184,163,208,1096,50,72,100,76,70,68,113,549
山口県,いいえ,20285,25915,23444,19450,17870,15428,17734,140126,14333,18508,18415,15645,15071,16061,21669,119702
徳島県,はい,48,90,86,97,105,111,189,726,24,36,54,35,64,69,117,399
徳島県,いいえ,11393,13192,12019,10623,9849,9438,11364,77878,8884,10924,10672,9658,9468,10847,13542,73995
香川県,はい,53,79,79,114,123,178,364,990,31,61,78,70,83,149,233,705
香川県,いいえ,15140,18968,16939,13956,12847,11700,14880,104430,12511,15937,14913,12567,12437,13191,19045,100601
愛媛県,はい,74,118,185,191,202,178,265,1213,61,90,138,122,128,160,219,918
愛媛県,いいえ,23008,28321,25281,21856,19692,15801,16502,150461,18016,22134,21507,18780,17313,16192,19240,133182
高知県,はい,32,58,61,81,79,81,134,526,28,37,47,37,43,47,86,325
高知県,いいえ,11191,13755,12084,10380,9757,8935,10363,76465,9172,11542,10946,9751,9435,9635,12336,72817
福岡県,はい,283,426,511,542,620,572,1011,3965,217,277,321,324,295,319,627,2380
福岡県,いいえ,86802,97820,87375,71398,63701,54070,59376,520542,69415,79572,74450,62245,55122,54536,68412,463752
佐賀県,はい,50,51,64,86,106,91,84,532,41,37,55,61,50,63,67,374
佐賀県,いいえ,12588,13759,12502,11714,11008,10452,11375,83398,9571,11217,10714,9995,10146,10777,12583,75003
長崎県,はい,60,96,100,130,164,206,264,1020,44,56,89,73,88,101,178,629
長崎県,いいえ,17965,21473,20611,19263,18628,17633,19891,135464,15333,18142,18147,17136,17041,19080,23660,128539
熊本県,はい,80,94,153,190,206,215,288,1226,60,78,83,86,85,112,151,655
熊本県,いいえ,29701,32773,29337,28030,26524,24168,24263,194796,24636,28058,26390,25268,24378,24606,27400,180736
大分県,はい,67,112,126,142,200,243,368,1258,58,81,121,106,124,161,229,880
大分県,いいえ,18411,21334,18765,16836,17144,15827,17210,125527,15144,17814,17266,15645,16056,16347,20299,118571
宮崎県,はい,59,97,105,134,146,166,274,981,40,45,70,90,68,120,183,616
宮崎県,いいえ,17634,19967,17636,16179,15907,14695,16480,118498,13469,15904,14889,13912,14053,15453,19436,107116
鹿児島県,はい,120,147,226,309,376,440,815,2433,77,128,141,168,182,281,453,1430
鹿児島県,いいえ,23901,26412,24398,23837,24247,23696,26618,173109,18471,20688,20467,19745,21275,24779,30316,155741
沖縄県,はい,54,80,108,103,101,117,174,737,33,46,65,45,73,76,113,451
沖縄県,いいえ,19162,22512,20048,16898,15217,14070,13883,121790,17505,19879,17774,15186,14185,14722,15287,114538
都道府県判別不可,はい,219,327,459,606,364,98,55,2128,86,159,133,153,58,22,21,632
都道府県判別不可,いいえ,81297,86121,84316,76973,38187,10607,6470,383971,37237,43190,41432,31343,15517,5638,2984,177341
