都道府県名,回答,男40～44歳,男45～49歳,男50～54歳,男55～59歳,男60～64歳,男65～69歳,男70～74歳,男中計,女40～44歳,女45～49歳,女50～54歳,女55～59歳,女60～64歳,女65～69歳,女70～74歳,女中計
北海道,毎日,12742,14011,11044,8568,6721,5138,4928,63152,18052,19893,18576,14989,11463,9128,9299,101400
北海道,時々,43550,52817,47669,41361,36552,28138,24882,274969,30700,39122,37695,34235,28752,24097,26879,221480
北海道,ほとんど摂取しない,15831,22392,23773,23981,22333,14480,11139,133929,6309,8654,8747,7940,7007,5554,6289,50500
青森県,毎日,2826,2841,2468,2040,1840,1824,2303,16142,4843,5361,5090,4724,4367,4505,5112,34002
青森県,時々,11146,13174,11942,10932,10048,7947,7637,72826,8007,10154,10365,9605,8662,7234,7738,61765
青森県,ほとんど摂取しない,6045,7748,8286,8252,7958,6235,6112,50636,2792,3746,3528,3747,3865,4692,5836,28206
岩手県,毎日,3516,3394,2841,2332,2142,2152,2778,19155,5479,6236,5653,5402,5049,5380,6098,39297
岩手県,時々,14073,15835,14311,12863,12056,11333,12663,93134,10082,12079,12010,11290,11740,12993,15592,85786
岩手県,ほとんど摂取しない,5227,7131,7327,7585,7531,6222,5738,46761,1698,2300,2259,2101,2276,2489,3243,16366
宮城県,毎日,6756,6534,5213,4022,3213,3385,4163,33286,11776,13093,11430,9585,8754,8769,9732,73139
宮城県,時々,27656,30780,26808,22330,20494,19956,23113,171137,20716,24446,23203,21226,20676,22610,27506,160383
宮城県,ほとんど摂取しない,12424,16572,16828,15820,14809,12205,11417,100075,4533,5839,5571,4905,4946,4836,5858,36488
秋田県,毎日,1648,1624,1440,1316,1223,1467,2011,10729,3104,3417,3382,3236,3453,4352,4693,25637
秋田県,時々,7053,7911,7193,6784,6822,7181,8651,51595,5531,6489,6642,6525,7273,8694,10668,51822
秋田県,ほとんど摂取しない,3364,4591,4691,5169,5166,4320,4037,31338,1300,1673,1707,1577,1751,1984,2430,12422
山形県,毎日,3339,3115,2608,2234,2008,2281,2576,18161,6271,6403,5967,5668,5624,5454,5275,40662
山形県,時々,13433,14195,12600,11488,11300,10865,11889,85770,10637,12267,11764,11700,12148,12573,13015,84104
山形県,ほとんど摂取しない,6171,7685,7771,8039,8481,7560,7097,52804,2391,2903,2804,2739,2927,3116,3476,20356
福島県,毎日,4462,4317,3569,3023,2608,2558,3035,23572,7800,8375,7789,7159,6504,6333,6364,50324
福島県,時々,19933,22092,19236,17473,16768,16450,18120,130072,15125,17843,17344,17145,18317,19085,21855,126714
福島県,ほとんど摂取しない,8264,11127,11290,11760,11842,10005,9856,74144,3112,4203,3893,3795,4273,4588,5508,29372
茨城県,毎日,7849,8176,6775,4955,3823,3422,3919,38919,11393,13229,12241,9596,7837,7558,7795,69649
茨城県,時々,30009,35130,31718,25201,20759,18485,19411,180713,20668,25831,25460,21864,20124,20050,22329,156326
茨城県,ほとんど摂取しない,11819,16167,17179,15906,13352,10014,9219,93656,4196,5629,5631,4922,4425,4126,5091,34020
栃木県,毎日,7300,7340,6041,4411,3562,3148,3348,35150,9186,9951,9129,7184,6327,5901,5929,53607
栃木県,時々,22995,26522,23268,18737,16221,14913,16177,138833,15039,18550,18276,15933,15401,16614,19275,119088
栃木県,ほとんど摂取しない,8286,11478,12183,11490,10533,8650,8651,71271,2873,4109,4111,3642,3688,4011,5180,27614
群馬県,毎日,5820,5991,4984,3812,2884,2636,2860,28987,7421,8973,8554,6556,5570,5611,6026,48711
群馬県,時々,21837,26072,24046,19174,16200,14945,18012,140286,14108,18933,19273,16776,15578,18163,24822,127653
群馬県,ほとんど摂取しない,8164,11775,12900,12007,10693,9162,10463,75164,3015,4410,4510,4149,3799,4224,6315,30422
埼玉県,毎日,24541,26023,21949,14858,10261,9275,11367,118274,34502,39878,37888,28069,20836,19243,24736,205152
埼玉県,時々,81004,97353,90780,68217,52483,45259,56284,491380,53414,67794,68769,56550,47415,49582,71355,414879
埼玉県,ほとんど摂取しない,31827,44766,49787,44832,36512,27673,30930,266327,11045,15114,15847,14111,12236,12602,19661,100616
千葉県,毎日,20321,22114,19085,13103,9171,8015,9770,101579,29248,34301,33219,24234,18654,17301,21369,178326
千葉県,時々,65418,78473,74402,55707,43146,36870,43859,397875,44154,55463,55994,46276,38827,39239,52802,332755
千葉県,ほとんど摂取しない,25685,35968,40473,35824,28752,21200,22312,210214,9387,12373,13078,10942,9165,9185,12882,77012
東京都,毎日,51278,50946,43234,31005,20000,15158,19479,231100,81708,89787,84582,61722,42892,36219,47288,444198
東京都,時々,169882,188685,176845,137968,97999,73875,90423,935677,132167,153204,151027,121753,94077,85504,121952,859684
東京都,ほとんど摂取しない,78694,98381,108903,98236,72544,48544,52157,557459,34581,41610,42370,35933,28516,24437,34343,241790
神奈川県,毎日,33045,34977,31288,22334,14034,10148,12547,158373,47077,55088,53855,38773,25862,21117,26598,268370
神奈川県,時々,103176,123066,121038,95280,66680,47446,55241,611927,69453,86553,89658,72234,54799,47086,66159,485942
神奈川県,ほとんど摂取しない,40185,55791,65062,59824,44800,28377,28692,322731,15164,19928,21490,18296,14260,11724,16411,117273
新潟県,毎日,6891,7211,6275,5101,4250,3808,4550,38086,11723,13424,12587,11243,10060,9801,10887,79725
新潟県,時々,26345,29552,26421,22805,20129,19067,22023,166342,18656,23073,22079,20311,19376,20704,25490,149689
新潟県,ほとんど摂取しない,12295,16889,17408,16606,15853,12938,12930,104919,4450,6318,5862,5236,4939,5148,6645,38598
富山県,毎日,3650,4098,3248,2344,1669,1366,1547,17922,5671,6892,6322,4925,3946,3248,3678,34682
富山県,時々,12639,15881,14118,10947,8753,6950,7744,77032,7952,10759,10529,8917,7446,6907,9049,61559
富山県,ほとんど摂取しない,4555,6747,7271,6460,5813,4143,4009,38998,1470,2138,2092,1783,1678,1411,1944,12516
石川県,毎日,4035,4368,3551,2683,2115,1929,2453,21134,6613,8067,7257,5850,4848,4390,5409,42434
石川県,時々,12031,15224,13231,10264,8424,7214,9199,75587,8488,11223,10831,9158,8490,8433,11936,68559
石川県,ほとんど摂取しない,5051,7465,7561,6794,5988,4646,5220,42725,1949,2818,2659,2469,2226,2215,3379,17715
福井県,毎日,2459,2569,2079,1646,1253,932,963,11901,3957,4585,4306,3757,2918,2215,1991,23729
福井県,時々,8987,10501,9044,7707,6354,4831,4412,51836,5684,7210,7057,6211,5500,4344,4709,40715
福井県,ほとんど摂取しない,3445,4595,4975,4505,4165,2753,2382,26820,1141,1575,1570,1359,1132,992,1119,8888
山梨県,毎日,2165,2211,2046,1618,1334,1463,1857,12694,3586,4182,4277,3697,3265,3411,3656,26074
山梨県,時々,8750,10226,9978,8522,7361,6892,7459,59188,6469,8389,8721,8277,7610,7690,8559,55715
山梨県,ほとんど摂取しない,3436,4904,5701,5841,4935,3878,3542,32237,1387,2094,2154,2088,1925,1691,1894,13233
長野県,毎日,6467,7023,6082,4746,3723,3459,3859,35359,9701,11700,11198,9413,7742,6788,7457,63999
長野県,時々,22624,26727,24711,20233,16702,14295,16567,141859,15169,19839,19926,17952,16185,15676,19701,124448
長野県,ほとんど摂取しない,9433,13565,14704,13645,11789,9004,8811,80951,3340,4975,5129,4584,4216,3857,5119,31220
岐阜県,毎日,6615,6958,5912,4403,3381,2960,3442,33671,9475,11637,11312,9293,7973,6832,7498,64020
岐阜県,時々,22930,28002,25656,20362,16711,13541,14783,141985,13626,17976,18385,16152,14287,13359,16660,110445
岐阜県,ほとんど摂取しない,7315,10734,11813,11167,9686,7294,7340,65349,2358,3462,3560,3242,2964,2797,3787,22170
静岡県,毎日,12692,13345,11179,8540,6370,4731,4947,61804,17198,20172,19028,14824,11994,9373,9542,102131
静岡県,時々,43651,51454,48033,38896,31473,25023,27066,265596,28601,36676,37629,32633,29031,26585,32212,223367
静岡県,ほとんど摂取しない,15756,22279,24867,22785,20609,14801,15455,136552,5975,8175,8632,7719,7133,6572,9002,53208
愛知県,毎日,26839,28065,23832,16810,11859,10353,14028,131786,39741,46770,44399,33775,26064,24252,30987,245988
愛知県,時々,89839,106215,99350,74787,55883,44344,55287,525705,54430,68774,69797,56791,46850,45534,65754,407930
愛知県,ほとんど摂取しない,30773,42305,47821,42681,33619,23397,25773,246369,10034,13379,14114,12267,10421,9691,14512,84418
三重県,毎日,5253,5809,5162,3807,3071,2863,3851,29816,8289,10099,9827,8159,7082,7262,8949,59667
三重県,時々,19768,23903,22387,18146,15047,13517,17046,129814,12547,16596,16962,14951,14073,14920,21388,111437
三重県,ほとんど摂取しない,7142,10310,11448,10530,9366,7384,8514,64694,2430,3388,3533,3212,2993,3475,5367,24398
滋賀県,毎日,5294,5542,4450,3240,2440,2106,2644,25716,8933,9788,8852,7098,6087,5297,6155,52210
滋賀県,時々,17410,19542,17325,13853,11234,9376,10917,99657,11501,13948,13552,11683,10539,9843,12627,83693
滋賀県,ほとんど摂取しない,5913,8093,8536,7931,7063,5288,5357,48181,2176,2717,2715,2469,2281,2082,2927,17367
京都府,毎日,8053,8923,7282,5116,3733,3206,4283,40596,13052,15675,14304,10872,8396,7362,10033,79694
京都府,時々,23961,29579,27606,21116,17109,13471,16988,149830,16785,21062,21072,18099,15348,14246,20324,126936
京都府,ほとんど摂取しない,9082,12991,14420,13652,11521,8569,9318,79553,3372,4742,4927,4601,4002,3607,5346,30597
大阪府,毎日,25127,27772,23798,15853,10801,7758,8933,120042,40795,48070,45471,32645,21563,16115,18968,223627
大阪府,時々,76873,94234,90652,67128,47880,32386,32925,442078,53622,68864,70562,55705,40162,29724,36356,354995
大阪府,ほとんど摂取しない,31415,45120,51895,44706,33733,19953,17757,244579,11654,16113,17316,14959,10758,7862,9480,88142
兵庫県,毎日,15315,16858,14360,10519,8007,7130,9838,82027,26240,31814,29991,22831,18735,17987,22253,169851
兵庫県,時々,51119,62619,59461,46343,36994,29738,34473,320747,33368,43297,44155,37357,31469,28851,38373,256870
兵庫県,ほとんど摂取しない,19439,28413,32164,29525,24792,18081,18159,170573,6718,9454,9989,8941,7713,6976,9571,59362
奈良県,毎日,3385,3919,3258,2545,1983,1900,2733,19723,6250,7430,7323,5786,4751,4654,6214,42408
奈良県,時々,10530,13155,13116,10437,8593,7341,8784,71956,7542,9959,10460,9128,7671,7601,10340,62701
奈良県,ほとんど摂取しない,3884,5781,6817,6473,5667,3998,4028,36648,1482,2056,2222,2063,1818,1658,2230,13529
和歌山県,毎日,2161,2459,2065,1596,1555,1541,2104,13481,3808,4545,4530,3890,3568,3940,4790,29071
和歌山県,時々,7526,9628,9126,7684,6880,6134,7533,54511,4971,6476,6829,6655,6266,6626,9049,46872
和歌山県,ほとんど摂取しない,2418,3626,4133,3994,3734,3208,3618,24731,902,1251,1416,1414,1428,1483,2165,10059
鳥取県,毎日,1453,1482,1122,866,727,804,1040,7494,2674,2943,2608,2211,2143,2294,2661,17534
鳥取県,時々,5372,6117,5136,4524,4134,3815,4102,33200,3750,4671,4254,4137,4111,3981,4735,29639
鳥取県,ほとんど摂取しない,2352,3079,3160,3011,3005,2510,2221,19338,862,1116,1095,1004,978,1003,1169,7227
島根県,毎日,2059,2069,1648,1309,1315,1363,1771,11534,3799,4393,3710,3379,3428,3623,4469,26801
島根県,時々,6565,7706,6502,5567,5482,5207,6416,43445,4434,5546,5235,4965,5102,5370,7025,37677
島根県,ほとんど摂取しない,2652,3664,3738,3678,3821,3503,3752,24808,914,1279,1190,1184,1223,1354,1955,9099
岡山県,毎日,5973,6194,5056,3629,2824,2797,3356,29829,9673,11548,10126,7997,7044,6645,7745,60778
岡山県,時々,18449,22704,19668,14698,12877,11255,12501,112152,12112,15675,14961,12660,12132,11670,14632,93842
岡山県,ほとんど摂取しない,6613,9881,9824,8947,8320,6648,6175,56408,2214,3180,3277,2689,2645,2493,3281,19779
広島県,毎日,8590,9503,7533,5497,4259,3218,3241,41841,13450,16289,14753,11354,8855,6815,6555,78071
広島県,時々,27804,34305,30928,23810,18988,13398,12236,161469,17071,22277,21654,17611,14696,11077,11701,116087
広島県,ほとんど摂取しない,11280,16213,17393,15536,13144,8520,6688,88774,3488,4986,5009,4261,3472,2609,2864,26689
山口県,毎日,4172,4587,3779,2744,2310,1879,2079,21550,5691,6847,6600,5303,4743,4240,4901,38325
山口県,時々,11597,14699,12827,9936,8683,7453,8125,73320,7114,9370,9417,8036,7673,7381,9219,58210
山口県,ほとんど摂取しない,4513,6714,7015,6679,6204,4810,4388,40323,1458,2137,2284,1990,1716,1693,2265,13543
徳島県,毎日,1853,1890,1602,1292,1177,1364,1768,10946,3281,3804,3687,3242,3104,3495,3927,24540
徳島県,時々,6339,7352,6577,5810,5205,5057,6245,42585,4324,5441,5424,5032,5031,5765,7569,38586
徳島県,ほとんど摂取しない,2332,3267,3356,3290,3122,2718,3131,21216,828,1133,1166,1063,973,1288,1761,8212
香川県,毎日,2621,2941,2295,1784,1608,1586,1997,14832,4527,5518,4829,3956,3757,3656,4507,30750
香川県,時々,8665,10626,9294,7641,6695,6035,7683,56639,6018,7759,7446,6426,6278,6610,9811,50348
香川県,ほとんど摂取しない,3219,4703,4943,4312,4049,3183,3644,28053,1092,1585,1570,1248,1209,1347,2008,10059
愛媛県,毎日,4069,4453,3541,2665,2149,1651,1779,20307,6630,7568,7111,6025,4942,3787,3811,39874
愛媛県,時々,13037,15922,13517,11327,9933,7057,6762,77555,8695,11005,10791,9377,8387,7143,7428,62826
愛媛県,ほとんど摂取しない,4756,6754,7159,6992,6249,4409,3489,39808,1577,2211,2193,1933,1795,1521,1724,12954
高知県,毎日,2278,2433,1933,1376,1116,1087,1301,11524,3410,3816,3481,2934,2711,2829,3287,22468
高知県,時々,6359,7681,6402,5358,4947,4608,5583,40938,4696,6217,5898,5366,5257,5414,7044,39892
高知県,ほとんど摂取しない,2422,3592,3770,3744,3682,3238,3563,24011,997,1441,1458,1332,1376,1387,2071,10062
福岡県,毎日,14104,13262,9791,7186,5643,5256,6013,61255,22899,23906,20870,16174,13427,12548,14717,124541
福岡県,時々,49693,54745,47537,36842,32668,28979,33331,283795,36997,43737,42073,35852,32073,32284,41068,264084
福岡県,ほとんど摂取しない,22077,29052,29426,27022,24900,19327,19306,171110,8288,10499,10058,8953,8279,8194,10672,64943
佐賀県,毎日,2063,1822,1335,1244,985,1003,1168,9620,3450,3638,3249,2909,2685,2670,2622,21223
佐賀県,時々,8049,8587,7459,6771,6316,6157,6702,50041,5778,6919,6703,6504,6718,7186,8410,48218
佐賀県,ほとんど摂取しない,3360,4198,4469,4498,4544,3979,4136,29184,1141,1417,1444,1413,1559,1716,2360,11050
長崎県,毎日,2514,2537,2194,1716,1572,1652,1990,14175,4794,5253,4862,4217,4056,4127,4484,31793
長崎県,時々,10534,12275,11157,10179,9597,9553,11245,74540,8622,10251,10605,10259,10258,11866,14940,76801
長崎県,ほとんど摂取しない,4136,5645,6289,6533,6620,5922,6433,41578,1451,2019,2079,2089,2226,2795,3978,16637
熊本県,毎日,4325,3956,3100,2691,2349,2148,2212,20781,7691,8116,7237,6343,5577,4999,4667,44630
熊本県,時々,16885,18475,15756,14416,13420,12556,12964,104472,13517,15581,14984,14741,14432,14524,16216,103995
熊本県,ほとんど摂取しない,7490,9363,9528,10087,9752,8237,7720,62177,2784,3533,3256,3309,3319,3568,4349,24118
大分県,毎日,3024,2928,2269,1778,1645,1704,2040,15388,5096,5617,5007,4378,4195,4068,4587,32948
大分県,時々,11022,12235,10272,9017,9053,8670,9788,70057,7980,9550,9664,8885,9303,9780,12388,67550
大分県,ほとんど摂取しない,4286,6003,6165,5991,6275,5324,5470,39514,1535,2080,2159,1924,1997,2246,3134,15075
宮崎県,毎日,2378,2357,1740,1476,1392,1283,1570,12196,4142,4454,4069,3536,3168,3297,3616,26282
宮崎県,時々,10502,11508,9744,8659,8315,8092,9659,66479,7532,9169,8666,8290,8666,9684,12503,64510
宮崎県,ほとんど摂取しない,4601,6077,6156,6085,6151,5360,5344,39774,1543,2082,1946,1836,1955,2263,3136,14761
鹿児島県,毎日,3756,3675,2909,2532,2350,2375,2904,20501,6317,6541,6203,5632,5728,6094,6539,43054
鹿児島県,時々,14032,15177,13814,13162,13234,13535,15884,98838,10132,11712,11831,11888,12871,15530,19509,93473
鹿児島県,ほとんど摂取しない,5918,7417,7582,8345,8998,8084,8377,54721,2018,2482,2583,2460,2758,3286,4411,19998
沖縄県,毎日,3231,3303,2521,1802,1427,1284,1334,14902,6299,6826,5923,4769,3691,3199,3095,33802
沖縄県,時々,11445,13522,11531,9686,8282,6987,6355,67808,9366,10929,10261,8952,8161,7706,7664,63039
沖縄県,ほとんど摂取しない,4429,5814,5894,5349,4712,4066,3724,33988,1952,2456,2207,1862,1647,1702,1752,13578
都道府県判別不可,毎日,11194,10999,9401,7272,3612,1153,987,44618,13193,14274,12740,8640,3942,1463,761,55013
都道府県判別不可,時々,44417,47339,45523,39460,19575,5693,3350,205357,18604,22132,21794,16894,8259,2974,1577,92234
都道府県判別不可,ほとんど摂取しない,17228,21300,24920,25123,13676,3501,1821,107569,3708,4820,4910,3945,2174,749,422,20728
