都道府県名,二次医療圏番号,二次医療圏名,回答,男40～44歳,男45～49歳,男50～54歳,男55～59歳,男60～64歳,男65～69歳,男70～74歳,男中計,女40～44歳,女45～49歳,女50～54歳,女55～59歳,女60～64歳,女65～69歳,女70～74歳,女中計
北海道,0101,南渡島,はい,2263,3003,2593,2242,1937,1758,1782,15578,1104,1584,1646,1331,1178,1209,1583,9635
北海道,0101,南渡島,いいえ,2258,2773,2606,2451,2333,2032,2373,16826,2440,3043,3005,2841,2710,2824,3584,20447
北海道,0102,南檜山,はい,147,172,173,153,150,129,130,1054,74,87,86,85,80,80,121,613
北海道,0102,南檜山,いいえ,126,178,160,153,153,138,148,1056,134,150,163,159,178,189,245,1218
北海道,0103,北渡島檜山,はい,208,247,223,182,174,174,168,1376,78,117,117,100,88,115,116,731
北海道,0103,北渡島檜山,いいえ,189,204,207,207,184,174,193,1358,171,207,174,215,214,239,305,1525
北海道,0104,札幌,はい,18278,22951,22220,18710,15615,9261,5073,112108,7889,10741,10849,8532,5803,3178,2191,49183
北海道,0104,札幌,いいえ,19202,21835,20211,18055,15753,9683,6132,110871,21565,24403,22625,19474,14471,8164,5863,116565
北海道,0105,後志,はい,1233,1685,1600,1461,1221,1102,945,9247,534,788,812,693,597,564,773,4761
北海道,0105,後志,いいえ,1286,1589,1491,1384,1277,1142,1364,9533,1236,1643,1538,1514,1450,1498,1943,10822
北海道,0106,南空知,はい,901,1243,1121,1133,1088,893,749,7128,409,641,629,599,533,452,508,3771
北海道,0106,南空知,いいえ,855,1205,1034,1049,1060,955,919,7077,911,1194,1241,1195,1169,1086,1371,8167
北海道,0107,中空知,はい,530,807,752,731,657,582,565,4624,302,387,402,422,353,381,483,2730
北海道,0107,中空知,いいえ,524,719,674,681,665,567,790,4620,629,825,756,780,754,849,1174,5767
北海道,0108,北空知,はい,151,216,195,211,211,196,173,1353,93,113,111,102,87,104,139,749
北海道,0108,北空知,いいえ,124,165,158,188,193,178,270,1276,176,189,225,228,245,280,375,1718
北海道,0109,西胆振,はい,938,1415,1257,1108,958,900,1045,7621,452,683,702,621,514,590,846,4408
北海道,0109,西胆振,いいえ,965,1212,1141,1024,997,986,1353,7678,1070,1359,1330,1235,1225,1382,1982,9583
北海道,0110,東胆振,はい,1893,2585,2099,1780,1508,1330,1304,12499,737,962,932,817,662,753,928,5791
北海道,0110,東胆振,いいえ,1852,2069,1764,1609,1355,1323,1572,11544,1585,1879,1622,1539,1425,1715,2314,12079
北海道,0111,日高,はい,352,475,442,391,308,278,241,2487,172,222,237,194,162,162,192,1341
北海道,0111,日高,いいえ,378,433,352,298,320,263,304,2348,326,416,370,363,354,377,450,2656
北海道,0112,上川中部,はい,2133,2664,2522,2227,1951,1216,715,13428,922,1211,1326,990,690,427,393,5959
北海道,0112,上川中部,いいえ,2188,2664,2292,2069,1974,1300,945,13432,2264,2721,2523,2138,1740,1090,979,13455
北海道,0113,上川北部,はい,330,378,418,399,360,259,231,2375,133,175,168,145,159,140,155,1075
北海道,0113,上川北部,いいえ,304,452,355,361,343,261,279,2355,330,372,332,348,347,336,425,2490
北海道,0114,富良野,はい,248,300,293,328,274,251,265,1959,131,181,172,162,178,153,210,1187
北海道,0114,富良野,いいえ,276,333,319,328,335,304,378,2273,331,389,405,373,355,415,586,2854
北海道,0115,留萌,はい,243,371,361,304,284,248,226,2037,97,182,180,168,150,166,210,1153
北海道,0115,留萌,いいえ,239,305,286,279,271,234,238,1852,258,300,303,284,322,321,434,2222
北海道,0116,宗谷,はい,480,628,552,510,428,355,273,3226,219,234,252,206,161,151,200,1423
北海道,0116,宗谷,いいえ,405,514,433,432,421,376,337,2918,412,463,400,408,399,379,411,2872
北海道,0117,北網,はい,1378,1822,1649,1485,1359,980,946,9619,609,831,795,744,692,560,773,5004
北海道,0117,北網,いいえ,1408,1691,1460,1422,1373,1013,1179,9546,1425,1722,1564,1621,1451,1451,1833,11067
北海道,0118,遠紋,はい,377,496,480,502,416,304,343,2918,144,205,254,241,192,219,275,1530
北海道,0118,遠紋,いいえ,380,481,471,420,395,359,434,2940,348,413,430,420,430,488,714,3243
北海道,0119,十勝,はい,2203,2874,2694,2487,2198,1786,1683,15925,997,1374,1367,1221,1057,1030,1189,8235
北海道,0119,十勝,いいえ,2349,2727,2398,2299,2240,1925,2194,16132,2423,2955,2849,2691,2499,2582,3292,19291
北海道,0120,釧路,はい,1683,2123,2015,1706,1562,1236,1224,11549,718,1072,1055,862,747,790,850,6094
北海道,0120,釧路,いいえ,1441,1810,1645,1566,1558,1369,1487,10876,1556,1866,1762,1676,1667,1784,2127,12438
北海道,0121,根室,はい,488,581,483,490,392,299,252,2985,228,261,286,217,208,201,187,1588
北海道,0121,根室,いいえ,461,528,459,413,399,339,349,2948,479,514,466,475,445,433,452,3264
青森県,0201,津軽地域,はい,1937,2236,2067,1879,1595,1067,769,11550,1006,1278,1265,1203,921,673,655,7001
青森県,0201,津軽地域,いいえ,1903,2013,1917,1914,1831,1337,1343,12258,2060,2291,2224,2368,1929,1590,1601,14063
青森県,0202,八戸地域,はい,2887,3561,3525,2916,2632,2020,1724,19265,1354,1868,1951,1643,1512,1292,1362,10982
青森県,0202,八戸地域,いいえ,2988,3533,3535,3356,3268,2668,2698,22046,2998,3692,3698,3416,3178,3136,3472,23590
青森県,0203,青森地域,はい,2744,3396,3152,2939,2546,1911,1799,18487,1361,1831,1755,1617,1427,1306,1663,10960
青森県,0203,青森地域,いいえ,2633,3165,2970,2863,2866,2226,2726,19449,3050,3563,3229,3205,3009,3004,3940,23000
青森県,0204,西北五地域,はい,618,814,834,880,687,676,697,5206,339,479,595,579,593,669,627,3881
青森県,0204,西北五地域,いいえ,653,783,758,792,758,842,960,5546,756,858,917,1005,1121,1287,1550,7494
青森県,0205,上十三地域,はい,1492,1810,1625,1402,1248,977,898,9452,682,923,930,799,768,745,802,5649
青森県,0205,上十三地域,いいえ,1482,1601,1540,1462,1535,1406,1505,10531,1472,1737,1655,1581,1629,1717,1956,11747
青森県,0206,下北地域,はい,502,582,559,534,510,411,387,3485,277,398,398,346,333,326,358,2436
青森県,0206,下北地域,いいえ,412,533,476,498,524,512,523,3478,467,561,559,507,582,634,658,3968
岩手県,0301,盛岡,はい,4642,5655,5316,4590,4008,3225,3109,30545,2066,2764,2772,2301,2174,2137,2452,16666
岩手県,0301,盛岡,いいえ,4935,5455,5016,4609,4619,3812,4484,32930,5346,6104,5564,5246,5096,5385,6659,39400
岩手県,0302,岩手中部,はい,2203,2586,2303,2026,1722,1500,1448,13788,952,1256,1135,1047,978,987,1152,7507
岩手県,0302,岩手中部,いいえ,2338,2469,2108,2194,2070,2002,2191,15372,2222,2547,2419,2304,2273,2637,3158,17560
岩手県,0303,胆江,はい,1202,1491,1300,1236,1150,1021,938,8338,533,723,700,653,594,667,823,4693
岩手県,0303,胆江,いいえ,1435,1553,1229,1231,1350,1406,1554,9758,1399,1496,1289,1359,1581,1785,2154,11063
岩手県,0304,両磐,はい,1023,1250,1096,1064,1035,912,880,7260,466,622,576,580,569,605,614,4032
岩手県,0304,両磐,いいえ,1131,1167,1067,1127,1175,1181,1309,8157,1097,1214,1193,1236,1346,1484,1625,9195
岩手県,0305,気仙,はい,417,609,591,589,475,375,403,3459,225,321,325,340,275,346,366,2198
岩手県,0305,気仙,いいえ,411,517,563,566,520,562,624,3763,450,555,598,637,633,731,889,4493
岩手県,0306,釜石,はい,311,407,396,366,321,280,275,2356,170,215,198,202,211,214,251,1461
岩手県,0306,釜石,いいえ,279,309,338,333,285,333,356,2233,277,321,348,346,358,397,571,2618
岩手県,0307,宮古,はい,558,665,760,684,558,517,555,4297,277,386,383,349,398,404,473,2670
岩手県,0307,宮古,いいえ,547,572,668,682,628,665,905,4667,516,621,689,633,722,898,1216,5295
岩手県,0308,久慈,はい,402,484,528,438,468,390,413,3123,234,286,359,261,293,327,336,2096
岩手県,0308,久慈,いいえ,442,535,519,491,596,540,655,3778,448,532,571,555,661,730,880,4377
岩手県,0309,二戸,はい,384,483,520,476,427,432,414,3136,220,267,346,318,322,378,383,2234
岩手県,0309,二戸,いいえ,431,483,484,572,609,676,712,3967,474,523,604,565,662,777,936,4541
宮城県,0401,仙南,はい,1587,1805,1631,1499,1457,1476,1461,10916,742,1022,959,923,907,1027,1034,6614
宮城県,0401,仙南,いいえ,1574,1677,1459,1388,1549,1775,2025,11447,1576,1806,1631,1687,1891,2191,2455,13237
宮城県,0403,仙台,はい,16158,19863,18624,14888,12335,10339,10305,102512,7106,9520,9147,7444,6258,6077,7453,53005
宮城県,0403,仙台,いいえ,16766,18935,16868,14172,12514,11184,13289,103728,19558,21830,19564,16542,15523,15919,19892,128828
宮城県,0406,大崎・栗原,はい,2763,3000,2571,2481,2432,2166,1917,17330,1411,1705,1572,1456,1436,1377,1302,10259
宮城県,0406,大崎・栗原,いいえ,2520,2531,2162,2296,2606,2741,3002,17858,2481,2695,2499,2614,3009,3493,3657,20448
宮城県,0409,石巻・登米・気仙沼,はい,3120,3543,3288,3111,2943,2752,2849,21606,1513,1818,1980,1783,1873,1977,2289,13233
宮城県,0409,石巻・登米・気仙沼,いいえ,2812,3086,2889,2790,2968,3222,3866,21633,2949,3401,3204,3620,3797,4248,5051,26270
秋田県,0501,大館・鹿角,はい,562,677,645,657,613,537,520,4211,319,392,420,393,362,408,508,2802
秋田県,0501,大館・鹿角,いいえ,644,741,678,726,788,759,976,5312,693,717,695,737,886,1007,1351,6086
秋田県,0502,北秋田,はい,151,203,175,211,163,182,193,1278,72,91,97,88,117,133,158,756
秋田県,0502,北秋田,いいえ,150,176,175,214,218,282,329,1544,144,180,182,205,241,344,447,1743
秋田県,0503,能代・山本,はい,498,567,568,551,543,459,402,3588,265,346,392,371,392,369,431,2566
秋田県,0503,能代・山本,いいえ,504,626,616,617,674,701,820,4558,573,673,731,737,816,921,1111,5562
秋田県,0504,秋田周辺,はい,2504,3167,2951,2692,2365,1921,1891,17491,1176,1543,1692,1361,1265,1379,1712,10128
秋田県,0504,秋田周辺,いいえ,2626,3125,2910,2883,2748,2546,3253,20091,2986,3360,3150,2986,3226,3800,4965,24473
秋田県,0505,由利本荘・にかほ,はい,628,703,713,640,627,601,558,4470,317,409,478,434,445,491,432,3006
秋田県,0505,由利本荘・にかほ,いいえ,697,706,658,738,760,892,1014,5465,763,817,791,830,917,1179,1274,6571
秋田県,0506,大仙・仙北,はい,707,756,767,687,751,642,680,4990,366,425,470,455,508,630,631,3485
秋田県,0506,大仙・仙北,いいえ,649,744,673,753,857,1100,1431,6207,773,804,786,870,1157,1613,1847,7850
秋田県,0507,横手,はい,652,715,643,614,572,514,530,4240,327,420,417,386,394,489,457,2890
秋田県,0507,横手,いいえ,651,688,635,708,811,880,1054,5427,782,871,880,895,1011,1239,1324,7002
秋田県,0508,湯沢・雄勝,はい,359,399,408,412,417,404,358,2757,164,226,265,247,245,304,302,1753
秋田県,0508,湯沢・雄勝,いいえ,398,406,445,496,570,680,803,3798,376,452,496,513,665,833,945,4280
山形県,0601,村山,はい,5334,6137,5625,5132,4791,4139,3753,34911,2528,3171,3150,2937,2642,2469,2310,19207
山形県,0601,村山,いいえ,6372,6374,5740,5360,5545,5536,6335,41262,7353,7667,6874,6643,7062,7158,7430,50187
山形県,0602,最上,はい,668,729,658,672,701,603,496,4527,333,426,462,442,509,414,351,2937
山形県,0602,最上,いいえ,718,812,712,810,942,996,1115,6105,811,899,893,955,1124,1257,1203,7142
山形県,0603,置賜,はい,2075,2423,2316,2161,1939,1619,1472,14005,958,1282,1376,1128,1054,993,934,7725
山形県,0603,置賜,いいえ,2410,2544,2320,2236,2388,2474,2706,17078,2662,2804,2599,2793,2847,3006,3081,19792
山形県,0604,庄内,はい,2547,3036,2963,2606,2461,2170,1972,17755,1299,1741,1800,1663,1507,1499,1542,11051
山形県,0604,庄内,いいえ,3083,3266,2934,3039,3327,3382,3820,22851,3512,3768,3587,3677,4044,4368,4854,27810
福島県,0701,県北,はい,4227,5238,5035,4484,4044,3610,3513,30151,2140,2700,2844,2462,2371,2402,2671,17590
福島県,0701,県北,いいえ,4717,5222,4711,4634,4642,4258,5219,33403,5079,5841,5533,5340,5418,5718,6642,39571
福島県,0702,県中,はい,4760,5580,4843,4304,4041,3272,3051,29851,2312,2811,2738,2500,2299,2221,2465,17346
福島県,0702,県中,いいえ,4692,5099,4560,4301,4254,3892,4340,31138,5274,5828,5254,5230,5312,5202,5907,38007
福島県,0703,県南,はい,1476,1653,1420,1344,1200,1154,1063,9310,728,856,772,755,824,781,807,5523
福島県,0703,県南,いいえ,1453,1498,1294,1424,1443,1413,1554,10079,1482,1613,1404,1385,1691,1805,1937,11317
福島県,0706,相双,はい,1142,1359,1214,1223,1248,1435,1492,9113,589,742,768,739,874,1061,1098,5871
福島県,0706,相双,いいえ,1005,1142,960,941,1182,1445,1809,8484,1053,1170,1134,1238,1688,2061,2466,10810
福島県,0707,いわき,はい,2810,3510,3325,2959,2514,2100,1844,19062,1354,1705,1811,1562,1409,1237,1391,10469
福島県,0707,いわき,いいえ,2835,3221,2975,2615,2450,2072,2279,18447,2879,3399,3062,2997,2961,2630,2983,20911
福島県,0708,会津・南会津,はい,2319,2686,2443,2442,2384,2118,2085,16477,1130,1464,1477,1455,1363,1411,1456,9756
福島県,0708,会津・南会津,いいえ,2125,2276,2129,2348,2464,2532,2886,16760,2417,2704,2666,2881,3179,3572,3950,21369
茨城県,0801,水戸,はい,4060,5167,4865,3971,3164,2160,1686,25073,1789,2391,2544,2070,1558,1214,1181,12747
茨城県,0801,水戸,いいえ,4244,4829,4523,3807,3164,2326,2087,24980,4310,4963,4594,4042,3355,2878,2758,26900
茨城県,0802,日立,はい,1806,2280,2308,1976,1706,1367,1382,12825,840,1319,1398,1083,881,860,1015,7396
茨城県,0802,日立,いいえ,1739,2181,2156,1926,1669,1448,1728,12847,1951,2477,2689,2279,2067,2075,2609,16147
茨城県,0803,常陸太田・ひたちなか,はい,3156,3953,4127,3482,2740,2168,2066,21692,1296,1752,2032,1586,1405,1331,1500,10902
茨城県,0803,常陸太田・ひたちなか,いいえ,3234,3838,3778,3359,2787,2567,2931,22494,3197,3808,3863,3402,3233,3500,3948,24951
茨城県,0804,鹿行,はい,2251,2720,2637,2001,1535,1287,1128,13559,1014,1341,1401,1104,948,773,831,7412
茨城県,0804,鹿行,いいえ,1986,2362,2088,1727,1478,1289,1265,12195,2096,2329,2229,1901,1802,1694,1784,13835
茨城県,0805,土浦,はい,2321,2932,2845,2352,1743,1577,1434,15204,986,1472,1447,1186,978,876,1028,7973
茨城県,0805,土浦,いいえ,2280,2716,2499,2136,1796,1657,1838,14922,2123,2633,2530,2217,2158,2181,2671,16513
茨城県,0806,つくば,はい,3484,4129,3651,2809,2056,1639,1653,19421,1526,2027,1840,1379,1027,999,1125,9923
茨城県,0806,つくば,いいえ,4111,4027,3394,2691,2237,1812,2157,20429,4070,4329,3623,2915,2561,2555,2923,22976
茨城県,0807,取手・竜ヶ崎,はい,4022,5259,4968,4025,3134,2736,2860,27004,1797,2553,2454,2081,1635,1631,1887,14038
茨城県,0807,取手・竜ヶ崎,いいえ,4179,5118,4669,3810,3182,2994,3991,27943,4290,5087,4804,4062,3893,4194,5358,31688
茨城県,0808,筑西・下妻,はい,2137,2604,2460,1986,1806,1610,1393,13996,928,1329,1425,1174,1073,1061,1012,8002
茨城県,0808,筑西・下妻,いいえ,2200,2551,2183,1982,1876,1875,1775,14442,2193,2550,2422,2253,2250,2478,2423,16569
茨城県,0809,古河・坂東,はい,1841,2293,2261,1779,1510,988,750,11422,767,1117,1174,861,757,575,517,5768
茨城県,0809,古河・坂東,いいえ,2002,2141,2080,1701,1531,1110,916,11481,1736,2120,2007,1694,1578,1341,1183,11659
栃木県,0901,県北,はい,3748,4315,4063,3275,3030,2795,2747,23973,1667,2145,2166,1745,1727,1762,1871,13083
栃木県,0901,県北,いいえ,3923,4189,3625,3298,3296,3427,3848,25606,3603,4108,3801,3610,3882,4397,4874,28275
栃木県,0902,県西,はい,1459,1923,1873,1573,1479,1280,1199,10786,715,961,1004,869,769,788,898,6004
栃木県,0902,県西,いいえ,1514,1859,1796,1582,1552,1477,1730,11510,1487,1878,1845,1711,1783,1938,2309,12951
栃木県,0903,宇都宮,はい,5897,7017,6717,5200,3780,2519,2288,33418,2335,3131,3098,2303,1734,1413,1657,15671
栃木県,0903,宇都宮,いいえ,6362,6901,6192,5103,4048,2954,3229,34789,6063,6704,6060,4912,4059,3758,4473,36029
栃木県,0904,県東,はい,1622,1918,1547,1407,1248,1223,1232,10197,642,891,813,769,778,799,832,5524
栃木県,0904,県東,いいえ,1613,1697,1542,1359,1406,1496,1565,10678,1438,1596,1488,1331,1592,1910,2055,11410
栃木県,0905,県南,はい,4428,5742,5272,4372,3653,3204,3051,29722,2003,2677,2770,2147,1928,1909,2033,15467
栃木県,0905,県南,いいえ,4643,5693,4869,4111,3920,3595,3935,30766,4593,5286,5166,4359,4447,4706,5336,33893
栃木県,0906,両毛,はい,2245,2851,2730,2287,1828,1448,1508,14897,939,1252,1318,1091,885,914,1135,7534
栃木県,0906,両毛,いいえ,2312,2764,2681,2281,1961,1808,2091,15898,1997,2572,2527,2298,2200,2410,2995,16999
群馬県,1001,前橋,はい,3179,4026,3855,3125,2595,2256,2226,21262,1290,1914,1945,1674,1327,1445,1759,11354
群馬県,1001,前橋,いいえ,3482,3936,3689,3163,2840,2550,3040,22700,3356,4095,4020,3643,3328,3555,4577,26574
群馬県,1002,渋川,はい,959,1172,1114,940,901,740,668,6494,436,553,613,490,437,415,526,3470
群馬県,1002,渋川,いいえ,1043,1135,1028,914,1039,968,1153,7280,1002,1170,1171,1010,1087,1258,1517,8215
群馬県,1003,伊勢崎,はい,2434,3077,2974,2426,1942,1572,1642,16067,1054,1470,1548,1214,991,1052,1365,8694
群馬県,1003,伊勢崎,いいえ,2518,2967,2747,2360,2055,1711,2084,16442,2485,2954,2904,2391,2166,2382,3228,18510
群馬県,1004,高崎・安中,はい,3751,4887,4998,3910,3051,2469,2438,25504,1500,2268,2393,1958,1530,1519,1984,13152
群馬県,1004,高崎・安中,いいえ,4244,5175,4866,4078,3358,2918,3587,28226,4174,5249,5167,4378,3752,4115,5475,32310
群馬県,1005,藤岡,はい,542,752,706,587,486,425,469,3967,198,360,384,291,257,256,404,2150
群馬県,1005,藤岡,いいえ,531,708,639,588,550,512,720,4248,494,658,686,649,636,736,966,4825
群馬県,1006,富岡,はい,478,616,602,577,528,558,555,3914,203,345,349,292,297,348,409,2243
群馬県,1006,富岡,いいえ,580,732,670,678,683,700,840,4883,577,748,758,775,800,957,1185,5800
群馬県,1007,吾妻,はい,341,448,492,420,494,474,478,3147,164,231,280,217,254,229,281,1656
群馬県,1007,吾妻,いいえ,348,505,492,519,539,551,698,3652,364,494,532,592,618,702,932,4234
群馬県,1008,沼田,はい,564,716,758,677,699,665,658,4737,273,400,402,377,404,439,452,2747
群馬県,1008,沼田,いいえ,553,712,713,740,732,845,992,5287,626,837,795,888,963,1093,1328,6530
群馬県,1009,桐生,はい,1310,1701,1750,1343,1198,980,1243,9525,562,899,948,725,612,700,1012,5458
群馬県,1009,桐生,いいえ,1228,1613,1596,1427,1236,1137,1611,9848,1227,1612,1736,1485,1490,1688,2438,11676
群馬県,1010,太田・館林,はい,4136,5006,4765,3628,2565,2238,2698,25036,1424,2130,2125,1584,1279,1492,1991,12025
群馬県,1010,太田・館林,いいえ,4205,4677,4207,3443,2711,2589,3579,25411,3352,4239,3905,3146,2979,3634,5333,26588
埼玉県,1101,南部,はい,8331,10190,10051,7405,5082,3544,3548,48151,3357,4475,4663,3390,2457,1971,2658,22971
埼玉県,1101,南部,いいえ,8285,9277,8862,7036,5037,3872,4702,47071,8156,9547,9068,7397,5528,4765,7096,51557
埼玉県,1102,南西部,はい,7355,9156,8907,6843,4640,3443,3845,44189,3090,4339,4399,3363,2223,2034,3038,22486
埼玉県,1102,南西部,いいえ,7723,8627,8400,6753,4795,3935,5326,45559,8171,9312,9189,7332,5438,5336,8319,53097
埼玉県,1103,東部,はい,10686,13998,13484,9949,7016,5741,6889,67763,4901,6884,7277,5062,3868,3812,5673,37477
埼玉県,1103,東部,いいえ,10240,12486,11781,9004,6804,6079,8764,65158,10919,13156,12530,10132,8160,9173,14660,78730
埼玉県,1104,さいたま,はい,12943,16304,16150,12622,9124,6282,6115,79540,5110,6892,7355,5476,3932,3221,4205,36191
埼玉県,1104,さいたま,いいえ,14554,15934,15277,12477,9781,7094,8861,83978,14735,16574,16258,13469,10270,9189,12678,93173
埼玉県,1105,県央,はい,4825,6484,6379,5014,3882,3236,3586,33406,1957,2945,3074,2303,1867,1973,2933,17052
埼玉県,1105,県央,いいえ,5150,6177,6093,4853,3977,3581,5028,34859,4814,6065,6300,5185,4405,4971,7743,39483
埼玉県,1106,川越比企,はい,7313,9432,9182,6930,5706,4545,5055,48163,2950,4153,4273,3262,2709,2754,3641,23742
埼玉県,1106,川越比企,いいえ,7709,9178,8569,6957,5756,5412,7295,50876,7119,8627,8448,7130,6666,7242,10277,55509
埼玉県,1107,西部,はい,6495,8719,8828,6844,5492,4391,4560,45329,2884,4085,4306,3292,2645,2306,3016,22534
埼玉県,1107,西部,いいえ,6834,8478,8185,6976,5716,4929,6589,47707,7131,8569,8464,7411,6305,6613,9202,53695
埼玉県,1108,利根,はい,5412,7083,6788,5341,4698,4192,4524,38038,2350,3322,3324,2757,2436,2609,3323,20121
埼玉県,1108,利根,いいえ,5450,6827,6219,5131,4715,4547,5673,38562,5159,6242,6101,5418,5307,6112,8624,42963
埼玉県,1109,北部,はい,4446,5475,5290,4298,3596,3029,2764,28898,1893,2630,2689,2231,1836,1706,1831,14816
埼玉県,1109,北部,いいえ,4739,5409,5136,4367,3877,3573,4051,31152,4534,5501,5373,4795,4565,4543,5413,34724
埼玉県,1110,秩父,はい,637,793,846,768,723,725,682,5174,296,449,466,415,397,437,491,2951
埼玉県,1110,秩父,いいえ,649,769,855,777,823,792,907,5572,630,835,868,851,916,1050,1150,6300
千葉県,1201,千葉,はい,8930,11980,12317,9348,6751,4606,4961,58893,3570,5300,5726,4316,3137,2624,3761,28434
千葉県,1201,千葉,いいえ,9160,11377,11658,9055,6643,4711,6147,58751,9461,11594,12031,9302,7005,6506,9841,65740
千葉県,1202,東葛南部,はい,17458,21826,21997,16601,10918,6781,6285,101866,7245,10123,10356,7490,4847,3592,4494,48147
千葉県,1202,東葛南部,いいえ,18237,21403,20817,16033,10915,7379,8430,103214,19555,22623,22208,16874,11883,9434,12312,114889
千葉県,1203,東葛北部,はい,13480,16611,16157,12059,8902,6853,7313,81375,5621,7730,7933,5970,4356,4022,5389,41021
千葉県,1203,東葛北部,いいえ,13897,16005,14974,11817,9035,7395,9905,83028,14777,16781,15931,12943,10420,10789,15697,97338
千葉県,1204,印旛,はい,6171,7607,7378,5703,4973,4435,4537,40804,2665,3730,3796,2939,2632,2516,2700,20978
千葉県,1204,印旛,いいえ,5943,6902,6419,5215,4731,4778,5814,39802,6539,7516,7004,6043,5952,6522,7967,47543
千葉県,1205,香取海匝,はい,1607,2209,2247,1888,1924,1881,1992,13748,734,991,1242,1082,1222,1238,1446,7955
千葉県,1205,香取海匝,いいえ,1718,1932,1943,1879,1916,2069,2740,14197,1718,2040,2159,2234,2608,3265,4009,18033
千葉県,1206,山武長生夷隅,はい,2861,3905,3916,3392,3170,3027,3134,23405,1317,1859,2137,1916,1771,1806,1949,12755
千葉県,1206,山武長生夷隅,いいえ,2982,3503,3404,3123,3172,3355,4218,23757,2954,3535,3684,3563,3914,4383,5374,27407
千葉県,1207,安房,はい,665,916,956,795,739,632,637,5340,378,566,595,461,399,412,466,3277
千葉県,1207,安房,いいえ,681,815,866,702,757,746,909,5476,780,960,933,822,904,1044,1357,6800
千葉県,1208,君津,はい,2797,3513,3383,2601,2282,2317,2458,19351,1190,1618,1775,1365,1252,1405,1897,10502
千葉県,1208,君津,いいえ,2518,2990,2721,2205,2262,2463,3377,18536,2593,3037,2873,2571,2469,3334,4671,21548
千葉県,1209,市原,はい,2030,2771,2746,2154,1790,1848,1848,15187,965,1333,1471,1121,1038,1129,1373,8430
千葉県,1209,市原,いいえ,1960,2434,2252,1812,1717,2004,2488,14667,2029,2528,2393,2115,2173,2714,3503,17455
東京都,1301,区中央部,はい,17241,20181,19213,15256,9616,4647,3630,89784,6307,7849,7623,5206,3171,2002,2373,34531
東京都,1301,区中央部,いいえ,19776,20618,19317,15770,10467,5098,4628,95674,20647,21173,18698,13662,9037,5864,7206,96287
東京都,1302,区南部,はい,13330,15788,15696,11919,7909,5052,5210,74904,5729,7503,7481,5196,3478,2837,3870,36094
東京都,1302,区南部,いいえ,14799,15908,15623,11953,8267,5364,6660,78574,17332,18438,16578,12448,8927,7693,10636,92052
東京都,1303,区西南部,はい,12719,14084,13394,11229,7847,5194,5378,69845,5939,7724,7754,5689,3902,3089,4088,38185
東京都,1303,区西南部,いいえ,16128,16626,15198,13065,9163,6033,7104,83317,22536,23552,21256,16902,12380,9721,12961,119308
東京都,1304,区西部,はい,13317,14488,13322,10711,7566,5221,5156,69781,5989,7462,7261,5607,3870,2956,3813,36958
東京都,1304,区西部,いいえ,15063,15131,14006,11601,8362,5851,6914,76928,19292,19946,18428,14906,11341,8961,11859,104733
東京都,1305,区西北部,はい,19617,22191,21066,16927,12686,9143,9528,111158,8868,11627,11937,9262,7044,5972,7625,62335
東京都,1305,区西北部,いいえ,21242,22155,21016,17314,13592,10220,12364,117903,25032,26993,25983,21826,17745,15611,20887,154077
東京都,1306,区東北部,はい,12440,15310,14805,11531,8518,6891,7894,77389,5771,7942,8593,6764,5084,4691,6548,45393
東京都,1306,区東北部,いいえ,12453,14506,13931,11230,8623,7116,9613,77472,14437,16244,15887,13585,10856,10437,15178,96624
東京都,1307,区東部,はい,16971,20645,20807,15690,10039,7046,7457,98655,7283,9958,10544,7480,5131,4487,6464,51347
東京都,1307,区東部,いいえ,17528,19972,19792,15316,10352,7545,9671,100176,20134,22046,21075,15567,11361,10595,15495,116273
東京都,1308,西多摩,はい,2948,3973,4312,3536,2768,2575,3110,23222,1403,2006,2372,1836,1532,1617,2280,13046
東京都,1308,西多摩,いいえ,3122,3826,4121,3351,2925,2920,4412,24677,3303,4220,4388,3974,3651,4252,6554,30342
東京都,1309,南多摩,はい,12588,16377,17388,13923,9824,7798,9349,87247,5537,7805,8653,6552,5063,5013,7057,45680
東京都,1309,南多摩,いいえ,13339,15494,16043,13243,9937,8605,12818,89479,15160,18289,18651,15564,12808,13277,20599,114348
東京都,1310,北多摩西部,はい,5936,7489,7482,6230,4587,3406,3908,39038,2462,3402,3851,3070,2223,2077,2972,20057
東京都,1310,北多摩西部,いいえ,6541,7246,7191,6444,4796,3914,5335,41467,7021,7976,7936,6887,5633,5597,8531,49581
東京都,1311,北多摩南部,はい,10090,11521,11544,9713,6958,5248,5919,60993,4425,5817,6198,4674,3529,3096,4139,31878
東京都,1311,北多摩南部,いいえ,11909,12303,12095,10586,7590,5723,7769,67975,14480,15513,15161,12727,9924,9077,12668,89550
東京都,1312,北多摩北部,はい,6717,7996,8230,6984,5266,4142,4523,43858,2994,4031,4431,3593,2742,2547,3429,23767
東京都,1312,北多摩北部,いいえ,7309,8260,8149,7255,5635,4467,6200,47275,8439,9539,9822,8740,7237,6922,10097,60796
東京都,1313,島しょ,はい,173,202,199,172,153,149,172,1220,98,109,117,83,108,93,148,756
東京都,1313,島しょ,いいえ,187,220,223,220,165,195,233,1443,243,258,247,180,199,254,272,1653
神奈川県,1404,川崎北部,はい,8502,10209,10520,8562,5417,3285,3104,49599,3424,4661,4973,3701,2424,1654,1997,22834
神奈川県,1404,川崎北部,いいえ,9712,10446,10403,8689,5684,3824,4213,52971,10954,11895,11840,9315,6547,4920,6280,61751
神奈川県,1405,川崎南部,はい,8117,9564,8997,6446,4156,2507,1985,41772,3194,3963,3908,2735,1728,1200,1273,18001
神奈川県,1405,川崎南部,いいえ,8438,9253,8033,6145,4333,2792,2884,41878,8858,9013,7981,6023,4154,3070,3747,42846
神奈川県,1406,横須賀・三浦,はい,4740,7134,7604,6275,4898,3637,3791,38079,2110,3401,3833,2997,2262,1940,2630,19173
神奈川県,1406,横須賀・三浦,いいえ,5429,6999,7431,6479,5223,3804,4953,40318,6178,7834,8287,6711,5414,5222,7268,46914
神奈川県,1407,湘南東部,はい,6539,8451,8772,7035,4983,3282,3961,43023,2634,3796,3994,2917,2144,1974,3046,20505
神奈川県,1407,湘南東部,いいえ,7703,9072,9015,7453,5228,3688,5251,47410,8200,9608,9329,7503,5703,5395,8830,54568
神奈川県,1408,湘南西部,はい,4710,6246,6389,5396,4011,3058,3478,33288,1959,2935,2995,2302,1798,1804,2419,16212
神奈川県,1408,湘南西部,いいえ,5216,6046,6124,5162,4055,3407,4959,34969,5067,6159,6167,5261,4410,4585,7275,38924
神奈川県,1409,県央,はい,8413,10949,11207,8654,5948,3980,4713,53864,3217,4729,5015,3718,2667,2355,3721,25422
神奈川県,1409,県央,いいえ,8355,9686,9473,7820,5779,4429,6227,51769,7747,9593,9305,7423,5911,5970,9897,55846
神奈川県,1410,相模原,はい,6588,8368,8553,6660,4615,3056,3090,40930,2583,3632,3992,2951,1991,1618,2180,18947
神奈川県,1410,相模原,いいえ,6813,7899,7852,6632,4817,3640,4579,42232,6812,8004,7913,6732,5236,4563,6599,45859
神奈川県,1411,県西,はい,2858,3790,4011,3435,2405,1677,1827,20003,1022,1612,1797,1333,1094,1007,1323,9188
神奈川県,1411,県西,いいえ,3238,3756,3801,3458,2635,1872,2589,21349,2872,3460,3519,2921,2526,2586,3910,21794
神奈川県,1412,横浜,はい,35868,46090,48349,38771,26534,16557,15071,227240,14608,20644,22190,16905,11287,7908,8975,102517
神奈川県,1412,横浜,いいえ,38799,44450,45709,38070,27362,18447,20460,233297,41872,48945,50384,39750,28970,22582,28099,260602
新潟県,1501,下越,はい,1787,2197,2110,1998,1698,1580,1565,12935,806,1120,1204,1033,953,1012,1089,7217
新潟県,1501,下越,いいえ,2099,2217,2260,2110,2164,2176,2722,15748,2193,2540,2500,2412,2516,2906,3536,18603
新潟県,1502,新潟,はい,8458,10622,9885,8096,6628,5399,5303,54391,3463,4834,4805,3912,3293,2980,3668,26955
新潟県,1502,新潟,いいえ,10299,11916,10616,9304,8213,7232,8374,65954,10548,12332,11035,10121,9172,9483,12174,74865
新潟県,1503,県央,はい,1913,2434,2397,2027,1783,1453,1368,13375,805,1160,1178,1026,883,768,837,6657
新潟県,1503,県央,いいえ,2570,2940,2754,2473,2225,2117,2302,17381,2507,3082,2991,2745,2524,2770,3052,19671
新潟県,1504,中越,はい,4024,4966,4639,3978,3552,2827,3015,27001,1806,2428,2501,2140,1728,1633,2015,14251
新潟県,1504,中越,いいえ,5240,5721,5260,4846,4458,4001,4805,34331,5494,6463,5818,5408,5362,5547,6916,41008
新潟県,1505,魚沼,はい,1358,1585,1487,1310,1341,1299,1214,9594,609,830,808,724,689,711,703,5074
新潟県,1505,魚沼,いいえ,1748,1897,1754,1798,1965,2171,2586,13919,1911,2070,2054,1991,2118,2559,2758,15461
新潟県,1506,上越,はい,2174,2692,2556,2262,2054,1700,1677,15115,949,1353,1254,1107,984,908,1106,7661
新潟県,1506,上越,いいえ,3179,3672,3411,3198,3121,2875,3305,22761,3055,3784,3559,3346,3208,3338,3943,24233
新潟県,1507,佐渡,はい,446,496,555,542,528,466,510,3543,222,291,315,296,299,290,335,2048
新潟県,1507,佐渡,いいえ,461,488,516,508,584,613,794,3964,492,541,513,536,681,741,953,4457
富山県,1601,新川,はい,1000,1390,1370,1138,949,806,767,7420,424,667,698,603,512,531,668,4103
富山県,1601,新川,いいえ,1399,1688,1553,1257,1233,1021,1270,9421,1398,1804,1704,1570,1312,1377,2083,11248
富山県,1602,富山,はい,4665,6389,6203,4690,3778,2773,2584,31082,1827,2706,2819,2295,1802,1643,1965,15057
富山県,1602,富山,いいえ,6079,7299,6588,5331,4290,3424,3991,37002,6170,7599,7036,5751,4879,4390,5767,41592
富山県,1603,高岡,はい,2720,3729,3570,2848,2305,1991,2383,19546,1033,1655,1790,1369,1277,1364,2012,10500
富山県,1603,高岡,いいえ,3651,4577,3968,3304,2781,2606,3712,24599,3399,4449,4266,3611,3319,3657,5770,28471
富山県,1604,砺波,はい,1002,1363,1234,1112,1061,936,1120,7828,417,621,702,587,553,623,799,4302
富山県,1604,砺波,いいえ,1322,1583,1371,1185,1163,1116,1688,9428,1395,1727,1532,1482,1568,1844,2591,12139
石川県,1701,南加賀,はい,1789,2614,2432,2020,1568,1185,1433,13041,802,1228,1233,1043,793,810,1156,7065
石川県,1701,南加賀,いいえ,2410,2983,2394,1988,1730,1500,2065,15070,2534,3193,2991,2604,2346,2223,3192,19083
石川県,1702,石川中央,はい,6295,8445,7941,6148,4711,3660,3876,41076,2673,3936,3904,2988,2419,2204,3123,21247
石川県,1702,石川中央,いいえ,7964,9394,8309,6557,5552,4334,5564,47674,8579,10311,9363,7759,6782,6224,8495,57513
石川県,1703,能登中部,はい,674,939,911,745,723,726,855,5573,291,473,472,454,466,581,758,3495
石川県,1703,能登中部,いいえ,859,1114,944,920,824,905,1418,6984,815,1110,944,953,1057,1396,2067,8342
石川県,1704,能登北部,はい,290,466,407,416,447,456,554,3036,135,238,261,237,258,334,491,1954
石川県,1704,能登北部,いいえ,338,413,410,459,487,593,871,3571,389,430,483,505,626,781,1162,4376
福井県,1801,福井・坂井,はい,3360,4258,4051,3437,2728,1693,1235,20762,1212,1811,2005,1588,1204,793,623,9236
福井県,1801,福井・坂井,いいえ,4091,4641,4246,3577,3105,2092,1805,23557,4123,4929,4578,4018,3267,2178,1927,25020
福井県,1802,奥越,はい,426,565,529,451,435,387,342,3135,213,259,284,284,266,239,216,1761
福井県,1802,奥越,いいえ,567,593,512,518,521,515,529,3755,618,684,662,685,662,675,740,4726
福井県,1803,丹南,はい,1665,2096,1871,1576,1259,865,719,10051,681,881,945,778,660,476,539,4960
福井県,1803,丹南,いいえ,2229,2390,2055,1757,1443,1014,1115,12003,2155,2471,2295,1996,1712,1351,1563,13543
福井県,1804,嶺南,はい,1042,1324,1320,1135,1027,842,786,7476,376,552,601,530,425,474,489,3447
福井県,1804,嶺南,いいえ,1329,1455,1331,1241,1160,983,1081,8580,1180,1532,1357,1276,1207,1246,1599,9397
山梨県,1901,中北,はい,4139,5137,5030,4227,3352,2765,2436,27086,1833,2719,2719,2349,1861,1739,1827,15047
山梨県,1901,中北,いいえ,5041,5871,5709,5165,4295,4071,4729,34881,5470,6565,6400,5794,5488,5574,6461,41752
山梨県,1902,峡東,はい,1041,1407,1495,1212,1075,931,884,8045,545,760,860,720,571,559,574,4589
山梨県,1902,峡東,いいえ,1298,1546,1574,1404,1310,1244,1516,9892,1459,1776,1845,1715,1648,1774,1909,12126
山梨県,1903,峡南,はい,349,453,542,455,498,476,444,3217,171,277,318,310,264,305,339,1984
山梨県,1903,峡南,いいえ,465,533,515,594,599,647,811,4164,466,589,629,686,754,835,1019,4978
山梨県,1904,富士・東部,はい,1416,1676,1914,1838,1617,1312,1151,10924,590,814,1040,945,840,740,756,5725
山梨県,1904,富士・東部,いいえ,1505,1778,1936,1924,1648,1490,1620,11901,1650,1996,2210,2199,2064,1964,2026,14109
長野県,2001,佐久,はい,1737,2106,2068,1910,1683,1390,1461,12355,743,955,1065,981,847,820,955,6366
長野県,2001,佐久,いいえ,2161,2262,2175,1946,1857,1748,2068,14217,2289,2523,2468,2309,2279,2314,2768,16950
長野県,2002,上小,はい,1516,2086,2093,1720,1366,1279,1186,11246,682,911,1021,859,808,689,777,5747
長野県,2002,上小,いいえ,1938,2328,2038,1775,1603,1321,1600,12603,1856,2383,2289,2087,1937,1942,2460,14954
長野県,2003,諏訪,はい,1598,2188,2211,1696,1364,1092,1272,11421,623,1002,1095,890,731,595,844,5780
長野県,2003,諏訪,いいえ,2061,2484,2332,1928,1576,1476,1874,13731,2161,2883,2672,2192,2050,2089,2890,16937
長野県,2004,上伊那,はい,1615,2177,2036,1695,1449,1183,1142,11297,695,1023,1009,868,751,676,749,5771
長野県,2004,上伊那,いいえ,2229,2657,2362,2012,1917,1622,2136,14935,2283,2828,2718,2366,2220,2241,3010,17666
長野県,2005,飯伊,はい,1184,1525,1502,1343,1078,1023,924,8579,472,707,762,638,577,513,564,4233
長野県,2005,飯伊,いいえ,1966,2108,2059,1839,1642,1559,1641,12814,1950,2273,2143,2131,2075,2041,2065,14678
長野県,2006,木曽,はい,165,237,223,275,215,243,251,1609,63,81,122,123,114,103,147,753
長野県,2006,木曽,いいえ,234,289,308,317,285,345,485,2263,256,256,274,306,355,415,612,2474
長野県,2007,松本,はい,3836,4970,4823,3852,2841,2178,1787,24287,1332,2159,2216,1750,1341,1033,1084,10915
長野県,2007,松本,いいえ,4771,5648,5316,4354,3414,2569,2786,28858,4810,5829,5652,4796,4062,3362,3719,32230
長野県,2008,大北,はい,434,625,617,557,473,392,429,3527,164,267,324,271,212,199,257,1694
長野県,2008,大北,いいえ,566,666,668,631,557,554,740,4382,569,784,751,777,731,689,911,5212
長野県,2009,長野,はい,4694,6111,6182,5100,4262,3467,3721,33537,1952,2764,2994,2521,2036,1994,2579,16840
長野県,2009,長野,いいえ,6232,7311,6884,5846,4928,4090,5064,40355,6075,7831,7595,6724,5867,6006,7969,48067
長野県,2010,北信,はい,669,798,811,795,702,657,658,5090,338,419,419,426,381,349,390,2722
長野県,2010,北信,いいえ,853,1004,958,928,907,894,1105,6649,938,1202,1131,1179,1164,1185,1317,8116
岐阜県,2101,岐阜,はい,6460,8680,8504,6723,5095,3441,3070,41973,2362,3676,4012,3143,2251,1846,2201,19491
岐阜県,2101,岐阜,いいえ,8143,9503,8924,7164,5510,4032,4494,47770,7829,9556,9364,7585,6163,4879,5905,51281
岐阜県,2102,西濃,はい,3040,4083,4053,3312,2759,2202,2273,21722,1235,1723,1916,1650,1423,1376,1749,11072
岐阜県,2102,西濃,いいえ,3775,4433,4018,3447,2979,2639,3220,24511,3365,4263,4044,3675,3497,3483,4639,26966
岐阜県,2103,中濃,はい,3097,4076,3797,3161,2754,2389,2391,21665,1165,1691,1816,1615,1398,1412,1578,10675
岐阜県,2103,中濃,いいえ,3910,4470,4083,3380,3295,3028,3703,25869,3479,4287,4215,3868,3925,3916,4573,28263
岐阜県,2104,東濃,はい,2730,3609,3589,3104,2607,2070,1979,19688,1057,1525,1671,1515,1324,1229,1425,9746
岐阜県,2104,東濃,いいえ,3556,4198,3922,3542,3005,2698,3109,24030,3229,4060,4157,3829,3753,3462,4521,27011
岐阜県,2105,飛騨,はい,1076,1424,1386,1169,933,593,493,7074,407,586,670,543,433,272,275,3186
岐阜県,2105,飛騨,いいえ,1440,1724,1618,1490,1340,838,791,9241,1516,1921,1876,1776,1395,1050,951,10485
静岡県,2201,賀茂,はい,317,457,566,479,390,393,378,2980,138,217,256,231,182,203,250,1477
静岡県,2201,賀茂,いいえ,346,462,515,467,452,439,611,3292,350,509,546,487,538,659,935,4024
静岡県,2202,熱海伊東,はい,454,774,865,718,670,615,802,4898,256,367,499,398,416,405,671,3012
静岡県,2202,熱海伊東,いいえ,478,686,758,730,755,712,1233,5352,585,858,964,943,936,1160,2106,7552
静岡県,2203,駿東田方,はい,5965,7738,7737,6492,5003,4116,4237,41288,2390,3691,3882,3192,2624,2614,3275,21668
静岡県,2203,駿東田方,いいえ,6237,7327,7136,6007,5188,4530,5920,42345,6307,7654,7616,6762,6139,6364,9014,49856
静岡県,2204,富士,はい,3770,4799,4780,3959,3054,2207,2140,24709,1470,2203,2270,1893,1476,1301,1530,12143
静岡県,2204,富士,いいえ,4123,4683,4645,3884,3233,2699,3177,26444,3638,4452,4660,4099,3577,3455,4274,28155
静岡県,2205,静岡,はい,6114,8315,8590,6918,5356,3956,3935,43184,2690,3755,4109,3265,2594,2115,2490,21018
静岡県,2205,静岡,いいえ,7125,8654,8513,7062,6163,4913,5887,48317,7444,9138,9326,7933,6808,6089,7637,54375
静岡県,2206,志太榛原,はい,3824,4937,4753,3909,3263,2385,2108,25179,1581,2223,2263,1868,1526,1178,1257,11896
静岡県,2206,志太榛原,いいえ,5033,5752,5247,4590,4197,3350,3820,31989,4976,5815,5477,4932,4681,4189,4966,35036
静岡県,2207,中東遠,はい,4818,5809,5092,4235,3640,2728,2522,28844,2014,2575,2496,1999,1803,1505,1630,14022
静岡県,2207,中東遠,いいえ,5998,6402,5556,4747,4437,3736,4232,35108,5504,6252,5586,4932,5100,4935,5484,37793
静岡県,2208,西部,はい,8548,10698,10568,8701,6838,4850,4757,54960,3487,4839,5272,3998,3238,2615,2953,26402
静岡県,2208,西部,いいえ,10291,11253,10769,9057,7700,5873,6654,61597,9865,11632,11449,9472,8519,7558,8888,67383
愛知県,2302,海部,はい,2769,4105,4154,3046,2208,1768,2056,20106,1019,1633,1807,1367,1129,1061,1769,9785
愛知県,2302,海部,いいえ,2972,3832,3728,2915,2133,1745,2601,19926,2783,3754,3634,2910,2495,2627,4354,22557
愛知県,2304,尾張東部,はい,4686,6106,6062,4612,3334,2343,2837,29980,1822,2504,2612,1900,1462,1368,2052,13720
愛知県,2304,尾張東部,いいえ,5748,6391,6132,4637,3506,2580,3665,32659,5559,6420,6233,4886,3941,3920,5961,36920
愛知県,2305,尾張西部,はい,4484,6425,6306,5068,3661,2909,3634,32487,1835,2869,3067,2426,2002,1963,3009,17171
愛知県,2305,尾張西部,いいえ,5078,6247,6125,4922,3692,3340,4603,34007,5348,6828,6879,5685,4678,4849,7456,41723
愛知県,2306,尾張北部,はい,6205,8631,8553,6494,4516,3403,3961,41763,2277,3611,3853,2825,2130,2069,3070,19835
愛知県,2306,尾張北部,いいえ,7384,8915,8459,6476,4784,3953,5283,45254,6892,8720,8465,6511,5221,5554,8406,49769
愛知県,2307,知多半島,はい,6412,8594,8184,6516,4760,3723,4417,42606,2457,3640,3782,2972,2454,2473,3474,21252
愛知県,2307,知多半島,いいえ,7315,8406,7613,6222,4712,3927,5731,43926,7021,8237,7804,6377,5479,5682,8628,49228
愛知県,2308,西三河北部,はい,5608,7013,7069,5686,4071,2425,2589,34461,1922,2740,2842,2106,1497,1336,1801,14244
愛知県,2308,西三河北部,いいえ,6854,7052,6779,5419,4023,2688,3677,36492,5642,6585,6374,4803,3941,3898,5253,36496
愛知県,2309,西三河南部西,はい,8080,10042,9933,7871,5498,3728,4072,49224,2836,3988,4210,3366,2412,2233,2768,21813
愛知県,2309,西三河南部西,いいえ,9514,10175,9616,7830,5584,3732,4890,51341,7879,9024,8734,7065,5330,5155,6781,49968
愛知県,2310,西三河南部東,はい,4691,5593,5539,4439,3326,2578,2871,29037,1703,2355,2391,1894,1616,1684,2190,13833
愛知県,2310,西三河南部東,いいえ,5745,6201,5678,4617,3749,3022,4141,33153,5177,5785,5359,4594,4133,4137,5551,34736
愛知県,2311,東三河北部,はい,416,500,514,465,438,400,474,3207,164,213,224,205,217,273,321,1617
愛知県,2311,東三河北部,いいえ,502,550,479,442,462,501,692,3628,388,511,468,498,620,682,980,4147
愛知県,2312,東三河南部,はい,6040,7816,7912,6372,4876,3541,3602,40159,2116,3122,3459,2804,2334,2024,2605,18464
愛知県,2312,東三河南部,いいえ,7014,7814,7283,5833,4877,3778,4788,41387,6077,7161,6905,5890,5562,5443,7465,44503
愛知県,2313,名古屋・尾張中部,はい,23666,29240,28771,22833,16321,11068,11074,142973,8412,11708,12429,9555,7042,5868,7410,62424
愛知県,2313,名古屋・尾張中部,いいえ,26911,29172,27952,22425,16738,11962,14199,149359,26658,29825,28852,23450,18391,15641,20822,163639
三重県,2401,北勢,はい,7623,10588,10662,8582,6346,4890,5355,54046,3000,4491,4695,3860,3093,2945,4143,26227
三重県,2401,北勢,いいえ,9239,11072,10484,8774,6831,5411,7786,59597,8501,10562,10384,8529,7393,7958,11686,65013
三重県,2402,中勢伊賀,はい,3793,4952,4838,3922,3443,2956,2969,26873,1592,2178,2395,1921,1788,1747,2207,13828
三重県,2402,中勢伊賀,いいえ,4360,4859,4532,3820,3616,3198,4097,28482,4311,5119,4809,4410,4455,4618,6149,33871
三重県,2403,南勢志摩,はい,3376,4642,4560,3996,3339,2913,3171,25997,1397,2148,2338,2127,1800,1991,2440,14241
三重県,2403,南勢志摩,いいえ,3955,4703,4534,4096,3695,3484,4740,29207,4073,5131,5029,4653,4719,5330,7361,36296
三重県,2404,東紀州,はい,385,606,564,542,472,470,517,3556,164,257,311,304,327,323,541,2227
三重県,2404,東紀州,いいえ,429,540,573,526,519,639,855,4081,436,548,571,607,687,853,1280,4982
滋賀県,2501,大津,はい,3110,3985,3863,3272,2714,1953,2019,20916,1352,1980,2052,1685,1358,1095,1305,10827
滋賀県,2501,大津,いいえ,3664,4239,3938,3248,2628,2218,2653,22588,4573,5049,4923,4068,3539,2913,3916,28981
滋賀県,2502,湖南,はい,3623,4576,4138,3260,2193,1703,1775,21268,1475,2097,1994,1463,1016,979,1405,10429
滋賀県,2502,湖南,いいえ,4212,4523,3930,2990,2195,1784,2427,22061,4735,5142,4400,3188,2736,2670,3897,26768
滋賀県,2503,甲賀,はい,1484,1880,1701,1413,1210,1005,1059,9752,538,735,796,639,642,571,723,4644
滋賀県,2503,甲賀,いいえ,1598,1681,1590,1318,1254,1128,1487,10056,1571,1778,1542,1547,1613,1592,2113,11756
滋賀県,2504,東近江,はい,2346,2751,2468,1995,1783,1412,1370,14125,872,1200,1183,1045,914,854,912,6980
滋賀県,2504,東近江,いいえ,2391,2452,2157,1911,1721,1479,1870,13981,2582,2695,2456,2324,2239,2143,2639,17078
滋賀県,2505,湖東,はい,1552,1923,1669,1325,1125,899,736,9229,621,797,821,678,600,507,541,4565
滋賀県,2505,湖東,いいえ,1581,1649,1484,1191,1073,857,1043,8878,1608,1861,1701,1480,1416,1326,1523,10915
滋賀県,2506,湖北,はい,1429,1832,1738,1531,1223,923,835,9511,597,781,904,756,666,551,533,4788
滋賀県,2506,湖北,いいえ,1523,1637,1503,1276,1182,1019,1156,9296,1703,1899,1840,1761,1597,1506,1634,11940
滋賀県,2507,湖西,はい,322,405,445,429,419,276,235,2531,152,213,232,255,182,129,170,1333
滋賀県,2507,湖西,いいえ,357,414,452,394,430,305,333,2685,442,512,562,572,570,457,509,3624
京都府,2601,丹後,はい,684,945,986,894,754,627,653,5543,272,470,502,439,382,400,443,2908
京都府,2601,丹後,いいえ,754,1014,973,926,938,845,1045,6495,865,1173,1214,1179,1179,1120,1361,8091
京都府,2602,中丹,はい,1348,1875,1821,1473,1328,1085,1196,10126,544,825,867,696,613,568,849,4962
京都府,2602,中丹,いいえ,1679,2040,1782,1601,1432,1327,1787,11648,1655,2212,2077,1810,1913,1742,2649,14058
京都府,2603,南丹,はい,923,1238,1186,1037,1017,884,924,7209,407,629,650,550,526,488,636,3886
京都府,2603,南丹,いいえ,1263,1349,1230,1067,992,982,1311,8194,1220,1469,1456,1395,1459,1362,1811,10172
京都府,2604,京都・乙訓,はい,11390,14917,15031,11898,9205,6383,6619,75443,4873,6864,7257,5699,4132,3321,4310,36456
京都府,2604,京都・乙訓,いいえ,13997,16297,15387,12478,10075,7191,8863,84288,16264,18677,17764,14743,11490,9548,12833,101319
京都府,2605,山城北,はい,3459,5019,4679,3590,2702,2384,2981,24814,1402,2182,2206,1762,1464,1524,2551,13091
京都府,2605,山城北,いいえ,3962,4992,4526,3551,2869,2466,3736,26102,4305,5439,4977,4138,3563,3967,6465,32854
京都府,2606,山城南,はい,1040,1329,1263,986,793,677,763,6851,391,543,551,461,364,400,593,3303
京都府,2606,山城南,いいえ,1115,1317,1229,943,811,728,1074,7217,1252,1516,1333,1157,1015,1073,1566,8912
大阪府,2701,豊能,はい,8520,10643,10992,8294,5871,4031,4445,52796,3292,4767,5027,3806,2662,2342,3148,25044
大阪府,2701,豊能,いいえ,9752,11188,10566,8457,6216,4301,5341,55821,10672,12417,12314,9336,6722,5770,8078,65309
大阪府,2702,三島,はい,5872,7909,7991,5573,4167,2998,3325,37835,2444,3563,3682,2623,1935,1761,2501,18509
大阪府,2702,三島,いいえ,6588,7996,7438,5645,4311,3200,4207,39385,7268,8752,8336,6082,4987,4537,6407,46369
大阪府,2703,北河内,はい,7590,10586,10634,8229,5585,3081,2129,47834,3125,4714,5211,3578,2262,1286,1168,21344
大阪府,2703,北河内,いいえ,7891,9947,9738,7504,5574,3253,2631,46538,8066,10341,10121,7772,5018,3011,2944,47273
大阪府,2704,中河内,はい,5415,7370,7766,5880,4019,2575,2398,35423,2281,3510,3882,2867,2047,1500,1759,17846
大阪府,2704,中河内,いいえ,5694,7261,7209,5665,4251,2647,2974,35701,5641,7535,7670,6472,4688,3650,4549,40205
大阪府,2705,南河内,はい,3230,4630,4965,4104,3426,2434,2498,25287,1410,2038,2502,1943,1453,1306,1670,12322
大阪府,2705,南河内,いいえ,3426,4380,4537,4001,3275,2598,2936,25153,3731,4985,5061,4411,3623,3234,4229,29274
大阪府,2706,堺市,はい,5874,8496,8290,5990,4453,3205,3786,40094,2636,3912,4133,3000,2200,2097,3090,21068
大阪府,2706,堺市,いいえ,6076,7812,7621,5796,4293,3377,4579,39554,6962,8741,8212,6448,4964,4998,7788,48113
大阪府,2707,泉州,はい,5796,8019,8495,6371,4692,3332,2984,39689,2335,3587,3941,2916,2119,1835,2082,18815
大阪府,2707,泉州,いいえ,5605,7526,7386,6075,4647,3423,4063,38725,6189,8084,8092,6408,4892,4346,5415,43426
大阪府,2708,大阪市,はい,23715,29090,28680,21532,14555,7952,5329,130853,11357,14964,15672,11944,7342,3467,2748,67494
大阪府,2708,大阪市,いいえ,24703,27642,27246,21007,15032,8609,6651,130890,29444,32318,30580,24543,16489,9018,7663,150055
兵庫県,2801,神戸,はい,11896,15750,15818,12722,10319,7596,7511,81612,4703,6817,7211,5842,4553,3739,4774,37639
兵庫県,2801,神戸,いいえ,14001,16546,16107,13100,10812,8307,10124,88997,15783,18748,18015,15018,12784,11251,14729,106328
兵庫県,2804,東播磨,はい,6044,7726,7537,5793,4495,3331,3425,38351,2259,3171,3319,2566,1992,1907,2300,17514
兵庫県,2804,東播磨,いいえ,6773,7613,7217,5640,4563,3733,4403,39942,6417,7697,7462,5825,4742,4618,6309,43070
兵庫県,2805,北播磨,はい,1756,2286,2236,1947,1574,992,650,11441,560,926,978,807,604,401,384,4660
兵庫県,2805,北播磨,いいえ,2049,2468,2302,1984,1652,1092,869,12416,1803,2199,2147,1841,1477,957,857,11281
兵庫県,2808,但馬,はい,1287,1603,1515,1241,1275,1038,1012,8971,496,712,788,717,642,565,630,4550
兵庫県,2808,但馬,いいえ,1369,1679,1516,1472,1470,1298,1488,10292,1460,1868,1899,1814,1872,1780,1923,12616
兵庫県,2809,丹波,はい,700,880,841,734,707,589,503,4954,267,398,425,371,354,277,286,2378
兵庫県,2809,丹波,いいえ,878,963,819,715,774,644,745,5538,870,977,949,961,1014,888,950,6609
兵庫県,2810,淡路,はい,748,997,1000,854,768,565,492,5424,312,434,505,398,377,319,326,2671
兵庫県,2810,淡路,いいえ,863,1010,878,867,806,656,708,5788,996,1146,1022,925,944,826,898,6757
兵庫県,2811,阪神,はい,12474,17461,17822,14510,10282,6944,6681,86174,5160,7861,8515,6461,4581,3448,4339,40365
兵庫県,2811,阪神,いいえ,14322,17486,17847,14023,10703,7533,9056,90970,16314,20135,20086,15601,11877,9730,12623,106366
兵庫県,2812,播磨姫路,はい,6067,8116,7500,6387,5029,3719,3738,40556,2268,3392,3442,2849,2309,2141,2882,19283
兵庫県,2812,播磨姫路,いいえ,7104,8281,7524,6277,5313,4067,4872,43438,6498,8366,7723,6592,5479,5138,7081,46877
奈良県,2901,奈良,はい,1990,2695,2871,2481,1936,1350,1234,14557,855,1330,1549,1234,841,729,757,7295
奈良県,2901,奈良,いいえ,2345,2939,3032,2544,2082,1476,1610,16028,3070,3713,3728,3040,2386,2051,2515,20503
奈良県,2902,東和,はい,1114,1571,1612,1399,1213,1014,1103,9026,553,799,880,768,671,653,780,5104
奈良県,2902,東和,いいえ,1257,1538,1480,1315,1204,1109,1485,9388,1512,1739,1769,1653,1570,1604,2234,12081
奈良県,2903,西和,はい,2231,3025,3120,2495,1950,1636,1968,16425,981,1464,1517,1219,954,1050,1544,8729
奈良県,2903,西和,いいえ,2528,3215,3093,2520,2053,1723,2712,17844,3057,3708,3607,2967,2647,2911,4622,23519
奈良県,2904,中和,はい,2602,3409,3542,2838,2300,1785,1899,18375,1104,1651,1793,1437,1217,1161,1523,9886
奈良県,2904,中和,いいえ,2731,3399,3257,2768,2198,1915,2545,18813,3270,3835,3947,3409,2826,2870,3999,24156
奈良県,2905,南和,はい,290,410,460,438,467,378,328,2771,149,233,221,271,276,225,237,1612
奈良県,2905,南和,いいえ,308,404,466,463,475,423,431,2970,393,497,513,602,605,526,593,3729
和歌山県,3001,和歌山,はい,2851,3731,3751,3059,2562,2176,2443,20573,1026,1497,1669,1492,1225,1303,2003,10215
和歌山県,3001,和歌山,いいえ,2883,3640,3615,3047,2627,2218,3175,21205,3069,3822,3793,3348,2990,3341,5007,25370
和歌山県,3002,那賀,はい,738,1016,1046,867,777,624,681,5749,326,470,521,490,406,439,556,3208
和歌山県,3002,那賀,いいえ,732,936,901,791,750,728,914,5752,802,1026,1077,1038,973,1016,1303,7235
和歌山県,3003,橋本,はい,500,664,624,620,593,541,563,4105,195,304,382,336,327,331,382,2257
和歌山県,3003,橋本,いいえ,478,664,610,570,612,638,763,4335,597,769,749,732,822,866,1135,5670
和歌山県,3004,有田,はい,447,581,606,497,424,406,426,3387,210,296,335,275,241,251,273,1881
和歌山県,3004,有田,いいえ,486,626,529,515,499,479,630,3764,614,648,713,660,679,740,842,4896
和歌山県,3005,御坊,はい,448,616,538,479,435,398,399,3313,175,261,282,261,219,233,283,1714
和歌山県,3005,御坊,いいえ,514,596,544,510,512,509,566,3751,538,617,605,586,617,727,736,4426
和歌山県,3006,田辺,はい,789,1126,1026,910,870,688,661,6070,401,521,573,526,425,429,531,3406
和歌山県,3006,田辺,いいえ,899,1090,1055,1003,937,841,976,6801,1050,1244,1199,1286,1232,1161,1380,8552
和歌山県,3007,新宮,はい,328,470,460,416,388,325,364,2751,131,188,231,225,204,236,337,1552
和歌山県,3007,新宮,いいえ,319,448,470,434,438,416,674,3199,370,451,475,514,557,681,952,4000
鳥取県,3101,東部,はい,1785,2186,1972,1682,1538,1381,1253,11797,743,1058,1070,979,874,850,1002,6576
鳥取県,3101,東部,いいえ,2292,2582,2070,1995,1936,1764,1970,14609,2498,2737,2437,2251,2323,2458,2680,17384
鳥取県,3102,中部,はい,626,729,710,677,598,559,464,4363,268,417,387,371,372,352,380,2547
鳥取県,3102,中部,いいえ,885,916,815,747,799,730,844,5736,897,1062,893,865,945,999,1117,6778
鳥取県,3103,西部,はい,1663,2050,1914,1632,1458,1177,1124,11018,713,944,983,848,840,704,914,5946
鳥取県,3103,西部,いいえ,2047,2362,2103,1836,1676,1553,1717,13294,2277,2639,2321,2138,1953,1912,2469,15709
島根県,3201,松江,はい,1782,2248,2211,1790,1575,1274,1304,12184,749,1032,1069,854,775,736,1030,6245
島根県,3201,松江,いいえ,2377,2745,2509,2111,2057,1866,2249,15914,2672,3283,2913,2668,2528,2463,3201,19728
島根県,3202,雲南,はい,363,513,402,409,420,412,385,2904,159,232,227,209,195,216,271,1509
島根県,3202,雲南,いいえ,546,616,524,471,626,618,785,4186,608,665,599,632,718,688,888,4798
島根県,3203,出雲,はい,1293,1602,1456,1261,1134,1010,1069,8825,534,729,693,593,593,612,779,4533
島根県,3203,出雲,いいえ,1770,1974,1684,1497,1488,1420,1798,11631,2017,2262,1893,1872,1814,1991,2352,14201
島根県,3204,大田,はい,371,458,394,376,373,339,362,2673,139,236,223,204,237,228,274,1541
島根県,3204,大田,いいえ,430,482,414,385,485,531,700,3427,477,555,497,510,642,716,898,4295
島根県,3205,浜田,はい,555,728,634,562,548,534,625,4186,231,338,340,318,305,353,498,2383
島根県,3205,浜田,いいえ,671,785,666,647,775,766,1009,5319,737,865,777,746,888,956,1328,6297
島根県,3206,益田,はい,448,560,423,435,421,442,498,3227,182,247,222,225,269,253,374,1772
島根県,3206,益田,いいえ,517,575,474,504,607,673,860,4210,505,625,552,555,646,887,1187,4957
島根県,3207,隠岐,はい,198,188,132,123,118,126,144,1029,84,104,89,71,86,91,127,652
島根県,3207,隠岐,いいえ,155,173,138,166,173,214,268,1287,186,212,170,186,182,255,344,1535
岡山県,3301,県南東部,はい,7635,10192,9274,7394,5998,4981,4823,50297,3447,4879,4954,3799,3356,2935,3497,26867
岡山県,3301,県南東部,いいえ,8427,9967,8662,6996,6149,5151,5988,51340,9256,10881,9926,8483,7562,7140,9193,62441
岡山県,3302,県南西部,はい,5863,7790,7240,5425,4373,3621,3293,37605,2516,3725,3727,2771,2410,2106,2419,19674
岡山県,3302,県南西部,いいえ,6466,7713,6753,5322,4602,3960,4463,39279,6510,8190,7295,5791,5272,5157,6505,44720
岡山県,3303,高梁・新見,はい,324,463,434,374,450,441,356,2842,141,210,225,213,246,223,258,1516
岡山県,3303,高梁・新見,いいえ,414,458,416,444,499,447,521,3199,421,511,423,491,622,630,656,3754
岡山県,3304,真庭,はい,323,410,345,319,354,325,328,2404,161,171,212,223,211,225,271,1474
岡山県,3304,真庭,いいえ,383,395,306,303,406,386,477,2656,393,443,365,425,499,550,611,3286
岡山県,3305,津山・英田,はい,1211,1566,1437,1111,1100,977,983,8385,591,771,829,675,695,634,728,4923
岡山県,3305,津山・英田,いいえ,1397,1602,1323,1035,1212,1203,1412,9184,1534,1779,1508,1402,1602,1596,1923,11344
広島県,3401,広島,はい,11444,15369,15135,11483,8504,4846,3059,69840,4511,6575,6725,4891,3427,1968,1626,29723
広島県,3401,広島,いいえ,14225,17000,15664,12697,9647,5649,4433,79315,14276,17171,15853,12231,8742,5273,4487,78033
広島県,3402,広島西,はい,1022,1277,1197,1000,960,728,619,6803,380,584,641,484,477,338,335,3239
広島県,3402,広島西,いいえ,1192,1470,1340,1221,1090,859,854,8026,1237,1461,1363,1248,1123,999,897,8328
広島県,3403,呉,はい,1310,2098,1984,1794,1404,1107,1097,10794,594,994,987,910,756,630,806,5677
広島県,3403,呉,いいえ,1610,2225,2110,1775,1605,1256,1343,11924,1650,2195,2086,1833,1542,1404,1942,12652
広島県,3404,広島中央,はい,1987,2569,2456,1952,1520,1012,829,12325,695,1062,1072,821,679,551,534,5414
広島県,3404,広島中央,いいえ,2324,2696,2453,2017,1618,1068,1258,13434,1889,2407,2180,1822,1673,1250,1534,12755
広島県,3405,尾三,はい,1604,2185,2005,1660,1534,1326,1265,11579,639,984,1004,885,839,759,901,6011
広島県,3405,尾三,いいえ,1936,2316,2002,1725,1664,1434,1642,12719,1834,2317,2170,1951,2039,1954,2268,14533
広島県,3406,福山・府中,はい,3887,5139,4679,3640,2975,2305,2111,24736,1422,2132,2236,1771,1472,1262,1358,11653
広島県,3406,福山・府中,いいえ,4804,5459,4562,3742,3235,2512,2602,26916,4557,5343,4798,3859,3420,3047,3446,28470
広島県,3407,備北,はい,582,724,676,598,599,610,584,4373,264,375,367,342,343,359,380,2430
広島県,3407,備北,いいえ,678,790,674,585,683,679,826,4915,771,890,810,795,913,974,1078,6231
山口県,3501,岩国,はい,790,1116,1093,939,843,756,730,6267,336,494,593,471,411,427,551,3283
山口県,3501,岩国,いいえ,871,1156,1125,981,910,811,1068,6922,908,1219,1225,1044,1006,1122,1478,8002
山口県,3502,柳井,はい,458,645,591,499,472,438,355,3458,174,298,323,270,262,245,266,1838
山口県,3502,柳井,いいえ,527,691,628,482,516,487,562,3893,570,713,731,586,630,667,829,4726
山口県,3503,周南,はい,1810,2511,2343,1769,1507,1198,1308,12446,665,1099,1104,898,754,725,1057,6302
山口県,3503,周南,いいえ,2071,2722,2563,1907,1671,1500,1982,14416,2213,2923,2677,2145,2007,2132,3104,17201
山口県,3504,山口・防府,はい,2563,3338,3171,2493,2171,1555,1341,16632,866,1285,1363,1095,870,781,839,7099
山口県,3504,山口・防府,いいえ,3059,3677,3100,2702,2414,1826,2032,18810,2851,3322,3030,2562,2446,2128,2509,18848
山口県,3505,宇部・小野田,はい,1872,2452,2171,1794,1475,1199,1133,12096,711,954,1108,772,726,701,850,5822
山口県,3505,宇部・小野田,いいえ,2070,2444,2144,1894,1724,1450,1681,13407,1992,2277,2220,2032,1828,1879,2406,14634
山口県,3506,下関,はい,1364,1788,1630,1272,1018,705,369,8146,512,732,837,684,520,317,233,3835
山口県,3506,下関,いいえ,1843,2330,1955,1706,1474,1026,703,11037,1714,2082,1993,1796,1445,844,635,10509
山口県,3507,長門,はい,225,293,260,210,219,186,180,1573,99,133,152,110,139,118,144,895
山口県,3507,長門,いいえ,289,320,265,207,273,248,306,1908,272,308,314,314,363,367,422,2360
山口県,3508,萩,はい,290,408,368,325,349,305,304,2349,102,174,219,189,180,220,256,1340
山口県,3508,萩,いいえ,339,422,393,367,395,449,489,2854,337,450,438,432,497,577,696,3427
徳島県,3601,東部,はい,3611,4649,4409,3858,3294,2874,3116,25811,1675,2329,2455,2055,1810,2031,2386,14741
徳島県,3601,東部,いいえ,4138,4606,4186,3736,3420,3151,4096,27333,4597,5424,5058,4609,4364,5036,6300,35388
徳島県,3603,南部,はい,1013,1257,1162,977,932,938,1034,7313,448,591,695,591,575,683,911,4494
徳島県,3603,南部,いいえ,1082,1260,1090,1046,966,1080,1655,8179,1078,1279,1285,1209,1357,1653,2272,10133
徳島県,3605,西部,はい,451,512,493,532,560,592,601,3741,204,251,285,305,327,373,464,2209
徳島県,3605,西部,いいえ,427,456,453,444,544,663,831,3818,511,627,580,662,774,926,1104,5184
香川県,3702,小豆,はい,138,154,167,153,144,141,208,1105,79,102,103,108,85,118,185,780
香川県,3702,小豆,いいえ,186,187,158,173,165,203,304,1376,219,238,224,213,262,320,456,1932
香川県,3706,東部,はい,4184,5643,5251,4236,3556,2878,3203,28951,1791,2557,2615,2038,1802,1789,2473,15065
香川県,3706,東部,いいえ,4713,5706,5050,4059,3526,2985,3934,29973,5381,6653,5944,4794,4471,4426,6383,38052
香川県,3707,西部,はい,2807,3692,3283,2750,2536,2334,2524,19926,1307,1778,1725,1495,1442,1494,1902,11143
香川県,3707,西部,いいえ,2960,3416,3052,2595,2630,2430,3275,20358,3241,4019,3635,3191,3309,3551,5071,26017
愛媛県,3801,宇摩,はい,634,871,755,717,534,379,299,4189,276,392,390,315,266,215,220,2074
愛媛県,3801,宇摩,いいえ,744,850,751,668,558,394,399,4364,681,814,771,681,534,524,476,4481
愛媛県,3802,新居浜・西条,はい,1772,2361,1989,1772,1411,910,800,11015,711,996,998,859,661,508,554,5287
愛媛県,3802,新居浜・西条,いいえ,1722,2005,1806,1566,1338,948,982,10367,1786,2096,1892,1702,1403,1200,1332,11411
愛媛県,3803,今治,はい,1227,1596,1513,1188,1052,794,863,8233,510,711,811,614,525,450,567,4188
愛媛県,3803,今治,いいえ,1249,1545,1360,1165,1066,891,1075,8351,1297,1635,1556,1362,1272,1107,1518,9747
愛媛県,3804,松山,はい,5774,7417,6857,5545,4649,2953,2005,35200,2485,3494,3403,2819,2286,1647,1398,17532
愛媛県,3804,松山,いいえ,6166,7153,6250,5294,4625,3268,2722,35478,6751,7616,7113,5894,5056,3791,3493,39714
愛媛県,3805,八幡浜・大洲,はい,920,1218,1135,1135,1042,751,641,6842,487,638,734,614,589,463,484,4009
愛媛県,3805,八幡浜・大洲,いいえ,1040,1250,1071,1134,1169,963,1057,7684,1143,1302,1363,1348,1295,1272,1349,9072
愛媛県,3806,宇和島,はい,747,1011,903,857,741,591,589,5439,380,593,574,540,493,460,520,3560
愛媛県,3806,宇和島,いいえ,780,925,818,832,841,712,921,5829,879,1113,1123,1082,1127,1084,1268,7676
高知県,3901,安芸,はい,309,388,394,363,332,308,357,2451,147,226,237,218,223,277,372,1700
高知県,3901,安芸,いいえ,294,326,321,321,338,339,466,2405,283,357,348,380,420,538,733,3059
高知県,3902,中央,はい,4367,5797,4997,4206,3575,3068,3031,29041,2084,2886,2982,2387,2176,1911,2326,16752
高知県,3902,中央,いいえ,4403,5141,4502,3896,3595,3126,3969,28632,5197,6128,5535,4937,4579,4468,5869,36713
高知県,3903,高幡,はい,368,446,457,371,380,407,450,2879,169,258,229,249,209,255,325,1694
高知県,3903,高幡,いいえ,399,421,395,394,495,519,694,3317,360,452,440,447,583,706,862,3850
高知県,3904,幡多,はい,524,658,585,504,549,565,571,3956,271,399,356,365,343,419,527,2680
高知県,3904,幡多,いいえ,521,646,534,489,561,633,914,4298,618,779,727,667,808,1037,1377,6013
福岡県,4001,福岡・糸島,はい,15716,18205,16718,12559,9886,6921,6612,86617,6605,8273,8142,5869,4525,3767,4557,41738
福岡県,4001,福岡・糸島,いいえ,15711,16418,14810,12196,9662,7671,8295,84763,19462,20262,17635,14162,11238,9829,11726,104314
福岡県,4002,粕屋,はい,2958,3693,2971,2110,1785,1355,1129,16001,1230,1588,1411,1052,855,725,746,7607
福岡県,4002,粕屋,いいえ,3003,3249,2479,1870,1815,1528,1640,15584,3312,3454,2664,2132,1983,1793,1960,17298
福岡県,4003,宗像,はい,1419,1499,1268,1006,1026,832,738,7788,605,752,707,596,506,461,393,4020
福岡県,4003,宗像,いいえ,1492,1430,1174,1021,1041,968,1090,8216,1668,1622,1418,1292,1279,1282,1444,10005
福岡県,4004,筑紫,はい,3633,4562,4163,3239,2635,2153,2034,22419,1632,2080,2138,1681,1309,1096,1334,11270
福岡県,4004,筑紫,いいえ,3698,4046,3542,2904,2649,2246,2734,21819,4340,4965,4446,3680,3216,3127,3893,27667
福岡県,4005,朝倉,はい,725,812,739,597,555,568,538,4534,319,411,434,368,356,348,430,2666
福岡県,4005,朝倉,いいえ,713,716,592,558,619,643,786,4627,717,809,709,745,763,923,1031,5697
福岡県,4006,久留米,はい,3391,4118,3707,3019,2662,2234,2105,21236,1477,2039,2123,1708,1417,1372,1588,11724
福岡県,4006,久留米,いいえ,3468,3647,3195,3040,2956,2618,3072,21996,3989,4409,4252,3847,3591,3664,4408,28160
福岡県,4007,八女・筑後,はい,1027,1154,1049,916,882,707,704,6439,422,545,605,528,452,502,504,3558
福岡県,4007,八女・筑後,いいえ,1052,1094,982,974,1052,1040,1239,7433,1176,1321,1294,1315,1336,1391,1695,9528
福岡県,4008,有明,はい,1345,1569,1469,1367,1281,1194,1251,9476,604,829,854,826,723,782,962,5580
福岡県,4008,有明,いいえ,1286,1369,1344,1374,1445,1300,1702,9820,1449,1673,1634,1720,1726,2023,2719,12944
福岡県,4009,飯塚,はい,1322,1566,1272,1047,1078,1046,1190,8521,675,879,808,652,699,757,936,5406
福岡県,4009,飯塚,いいえ,1319,1370,1130,1016,1193,1134,1556,8718,1554,1736,1505,1332,1572,1729,2374,11802
福岡県,4010,直方・鞍手,はい,852,956,800,684,734,635,698,5359,382,473,491,367,393,414,551,3071
福岡県,4010,直方・鞍手,いいえ,891,860,694,591,660,680,909,5285,819,817,819,779,823,976,1263,6296
福岡県,4011,田川,はい,795,965,827,683,696,662,671,5299,429,575,515,452,457,498,586,3512
福岡県,4011,田川,いいえ,740,821,715,616,690,743,903,5228,861,976,905,888,900,1040,1227,6797
福岡県,4012,北九州,はい,8515,10395,9624,7684,6982,6028,6297,55525,3752,5144,5237,4323,3538,3639,5061,30694
福岡県,4012,北九州,いいえ,8307,9283,8503,7327,6876,6191,7918,54405,9288,10654,10481,9029,8210,8308,11838,67808
福岡県,4013,京築,はい,1503,2008,1772,1442,1312,1224,1261,10522,633,872,862,740,669,773,964,5513
福岡県,4013,京築,いいえ,1514,1658,1520,1333,1313,1260,1591,10189,1542,1872,1728,1489,1570,1793,2278,12272
佐賀県,4101,中部,はい,2772,3311,3063,2830,2405,2094,1943,18418,1227,1687,1703,1561,1362,1311,1491,10342
佐賀県,4101,中部,いいえ,2905,3031,2799,2569,2542,2492,2824,19162,3291,3639,3382,3175,3133,3273,3558,23451
佐賀県,4102,東部,はい,1244,1416,1187,953,805,738,807,7150,443,621,586,429,417,430,651,3577
佐賀県,4102,東部,いいえ,1210,1234,1061,924,855,820,1039,7143,1169,1290,1214,933,1016,1183,1495,8300
佐賀県,4103,北部,はい,876,1078,874,815,808,746,734,5931,418,558,525,535,549,569,594,3748
佐賀県,4103,北部,いいえ,824,861,748,754,821,826,1004,5838,1047,1129,971,1045,1118,1124,1233,7667
佐賀県,4104,西部,はい,644,644,617,550,549,481,474,3959,260,342,350,317,333,364,434,2400
佐賀県,4104,西部,いいえ,663,668,597,617,610,669,737,4561,716,704,658,727,744,853,1062,5464
佐賀県,4105,南部,はい,986,1116,1055,1140,987,942,964,7190,437,528,611,562,619,672,816,4245
佐賀県,4105,南部,いいえ,989,998,952,1040,1138,1197,1584,7898,1029,1184,1124,1225,1444,1743,2173,9922
長崎県,4201,長崎,はい,3482,4697,4618,4052,3513,3119,3261,26742,1736,2406,2509,2192,2038,2059,2664,15604
長崎県,4201,長崎,いいえ,3734,4219,4196,3836,3761,3520,4459,27725,4555,5219,5022,4717,4479,4931,6326,35249
長崎県,4202,佐世保県北,はい,1711,2175,1921,1821,1737,1652,1711,12728,873,1113,1214,998,1031,1137,1440,7806
長崎県,4202,佐世保県北,いいえ,1764,1934,1827,1831,1832,1957,2489,13634,2114,2358,2244,2187,2209,2811,3506,17429
長崎県,4203,県央,はい,2058,2537,2359,2070,1790,1573,1582,13969,927,1186,1290,1122,1042,1083,1284,7934
長崎県,4203,県央,いいえ,2183,2352,2152,2040,2014,1941,2144,14826,2442,2615,2539,2391,2310,2613,3308,18218
長崎県,4204,県南,はい,767,936,875,956,974,869,907,6284,411,506,635,593,640,716,774,4275
長崎県,4204,県南,いいえ,739,805,878,868,1002,1093,1425,6810,913,1086,1119,1225,1406,1682,2083,9514
長崎県,4206,五島,はい,202,262,246,254,255,260,225,1704,101,131,155,142,148,196,225,1098
長崎県,4206,五島,いいえ,201,199,218,210,246,318,385,1777,228,226,253,286,394,445,495,2327
長崎県,4207,上五島,はい,154,175,174,178,184,169,131,1165,63,93,84,102,104,114,135,695
長崎県,4207,上五島,いいえ,146,173,157,199,197,219,227,1318,123,156,160,214,238,257,292,1440
長崎県,4208,壱岐,はい,177,213,228,206,211,184,214,1433,93,134,122,136,127,144,170,926
長崎県,4208,壱岐,いいえ,178,193,181,169,187,239,315,1462,242,237,194,241,253,317,441,1925
長崎県,4209,対馬,はい,213,255,233,214,239,243,228,1625,117,140,139,133,150,191,213,1083
長崎県,4209,対馬,いいえ,176,205,186,183,245,292,369,1656,215,237,232,259,328,408,465,2144
熊本県,4302,宇城,はい,828,951,911,888,788,696,608,5670,394,537,530,499,485,431,409,3285
熊本県,4302,宇城,いいえ,765,786,698,810,780,706,814,5359,873,882,898,845,892,945,1044,6379
熊本県,4303,有明,はい,1242,1309,1186,1056,996,877,862,7528,559,677,694,646,576,562,599,4313
熊本県,4303,有明,いいえ,1135,1072,960,1025,1035,1095,1195,7517,1203,1384,1217,1227,1345,1324,1562,9262
熊本県,4304,鹿本,はい,365,449,455,382,341,295,266,2553,191,245,276,230,193,184,171,1490
熊本県,4304,鹿本,いいえ,416,344,318,356,400,376,432,2642,394,409,422,429,491,480,540,3165
熊本県,4305,菊池,はい,2093,2283,1746,1570,1252,1077,879,10900,919,1045,952,792,712,616,550,5586
熊本県,4305,菊池,いいえ,1886,1909,1530,1403,1406,1206,1223,10563,2224,2131,1695,1643,1556,1449,1508,12206
熊本県,4306,阿蘇,はい,490,514,471,519,491,601,556,3642,256,285,345,332,330,391,371,2310
熊本県,4306,阿蘇,いいえ,415,438,401,452,542,649,774,3671,530,595,546,614,722,917,1048,4972
熊本県,4308,八代,はい,1141,1316,1262,1120,957,862,704,7362,601,737,722,684,654,581,559,4538
熊本県,4308,八代,いいえ,1005,1055,954,1026,1022,874,1026,6962,1115,1310,1225,1276,1325,1362,1442,9055
熊本県,4309,芦北,はい,271,320,406,360,285,266,201,2109,156,182,216,204,203,175,152,1288
熊本県,4309,芦北,いいえ,299,318,305,370,388,349,347,2376,278,300,325,379,394,435,412,2523
熊本県,4310,球磨,はい,752,822,760,810,816,743,782,5485,477,543,574,521,538,560,634,3847
熊本県,4310,球磨,いいえ,616,712,684,760,894,966,1105,5737,749,845,810,945,1047,1194,1472,7062
熊本県,4311,天草,はい,758,918,907,840,819,781,686,5709,453,591,611,616,563,617,621,4072
熊本県,4311,天草,いいえ,763,786,806,854,1088,1004,1084,6385,951,1061,1106,1260,1401,1375,1355,8509
熊本県,4312,熊本・上益城,はい,7065,8445,7593,6803,5658,4476,3804,43844,3302,4571,4348,3701,2881,2585,2776,24164
熊本県,4312,熊本・上益城,いいえ,6815,7421,6374,6033,5762,5039,5294,42738,8612,9244,8294,7734,7074,6667,7705,55330
大分県,4401,東部,はい,1310,1560,1470,1298,1349,1292,1470,9749,860,1082,1189,1088,995,1039,1299,7552
大分県,4401,東部,いいえ,1247,1498,1381,1315,1429,1467,1858,10195,1513,1780,1765,1731,1860,1995,2796,13440
大分県,4403,中部,はい,5076,6179,5364,4394,4193,3522,3195,31923,2525,3367,3241,2704,2384,2286,2685,19192
大分県,4403,中部,いいえ,4967,5618,4680,4153,4243,3851,4459,31971,5873,6586,6008,5183,5196,5001,6137,39984
大分県,4405,南部,はい,467,564,496,496,512,550,552,3637,249,329,326,319,324,382,468,2397
大分県,4405,南部,いいえ,479,522,489,531,547,626,777,3971,559,584,664,651,783,917,1180,5338
大分県,4406,豊肥,はい,400,416,399,388,503,454,498,3058,202,278,248,270,338,356,367,2059
大分県,4406,豊肥,いいえ,290,345,347,342,504,554,780,3162,446,433,465,469,700,789,1023,4325
大分県,4408,西部,はい,658,812,695,712,748,601,563,4789,320,426,400,400,407,380,470,2803
大分県,4408,西部,いいえ,649,724,701,732,810,836,915,5367,738,804,831,871,959,989,1173,6365
大分県,4409,北部,はい,1364,1607,1488,1362,1203,1048,1034,9106,584,756,800,668,699,730,864,5101
大分県,4409,北部,いいえ,1539,1534,1327,1195,1193,1105,1311,9204,1259,1384,1369,1313,1431,1572,1922,10250
宮崎県,4501,宮崎東諸県,はい,3960,4682,4156,3499,3010,2302,1960,23569,1728,2460,2297,1856,1548,1377,1545,12811
宮崎県,4501,宮崎東諸県,いいえ,3755,4394,3842,3427,3168,2719,2970,24275,4312,4889,4357,3855,3427,3314,3999,28153
宮崎県,4502,都城北諸県,はい,1548,1735,1450,1314,1392,1218,1398,10055,728,920,910,842,881,1047,1384,6712
宮崎県,4502,都城北諸県,いいえ,1504,1494,1268,1242,1496,1504,1963,10471,1533,1613,1498,1502,1807,2181,2788,12922
宮崎県,4503,延岡西臼杵,はい,1334,1717,1588,1367,1162,1036,1117,9321,598,817,770,698,650,727,903,5163
宮崎県,4503,延岡西臼杵,いいえ,1353,1433,1368,1296,1284,1167,1578,9479,1205,1393,1354,1307,1416,1610,2097,10382
宮崎県,4504,日南串間,はい,407,455,431,411,444,413,378,2939,198,239,239,266,289,321,394,1946
宮崎県,4504,日南串間,いいえ,395,408,409,419,510,540,684,3365,385,408,410,496,537,676,919,3831
宮崎県,4505,西諸,はい,521,480,441,465,512,547,605,3571,264,290,282,312,352,462,556,2518
宮崎県,4505,西諸,いいえ,379,406,364,447,557,613,866,3632,450,443,422,567,662,807,1059,4410
宮崎県,4506,西都児湯,はい,647,750,628,617,594,625,636,4497,354,451,457,423,411,478,573,3147
宮崎県,4506,西都児湯,いいえ,621,677,611,616,722,878,1033,5158,706,832,737,738,872,1092,1394,6371
宮崎県,4507,日向入郷,はい,674,757,628,589,543,508,555,4254,340,408,428,353,312,353,467,2661
宮崎県,4507,日向入郷,いいえ,604,685,564,590,578,669,792,4482,669,695,673,621,717,799,1111,5285
鹿児島県,4601,鹿児島,はい,5471,6482,5837,5176,4784,4010,4002,35762,2398,3198,3186,2661,2548,2645,3325,19961
鹿児島県,4601,鹿児島,いいえ,5258,5827,5035,4775,4923,4760,5711,36289,6054,6340,5835,5355,5374,6150,7700,42808
鹿児島県,4603,南薩,はい,689,793,781,832,907,1002,1070,6074,304,418,469,472,562,824,894,3943
鹿児島県,4603,南薩,いいえ,775,752,783,864,1086,1437,1810,7507,781,811,819,992,1328,1777,2404,8912
鹿児島県,4605,川薩,はい,910,1064,942,1037,922,933,1011,6819,430,512,582,591,609,748,872,4344
鹿児島県,4605,川薩,いいえ,899,907,858,970,1117,1206,1650,7607,940,998,1007,1050,1228,1533,1983,8739
鹿児島県,4606,出水,はい,619,669,636,644,529,567,553,4217,278,372,405,405,379,478,519,2836
鹿児島県,4606,出水,いいえ,532,544,571,570,660,702,939,4518,640,663,656,677,776,984,1150,5546
鹿児島県,4607,姶良・伊佐,はい,1937,2148,2068,2004,1845,1614,1755,13371,883,1126,1216,1174,1142,1225,1446,8212
鹿児島県,4607,姶良・伊佐,いいえ,1792,1993,1889,1916,1995,1918,2575,14078,1967,2117,2088,2059,2220,2505,3463,16419
鹿児島県,4609,曽於,はい,474,499,496,539,584,532,521,3645,251,286,321,335,383,415,469,2460
鹿児島県,4609,曽於,いいえ,475,441,475,494,642,664,821,4012,437,431,451,564,709,805,949,4346
鹿児島県,4610,肝属,はい,1097,1109,1027,1012,1060,975,993,7273,486,675,684,648,725,755,901,4874
鹿児島県,4610,肝属,いいえ,1049,1000,943,1016,1211,1317,1539,8075,1023,1027,1064,1138,1368,1629,1930,9179
鹿児島県,4611,熊毛,はい,283,326,325,311,284,267,238,2034,107,160,182,157,193,245,255,1299
鹿児島県,4611,熊毛,いいえ,246,296,300,307,339,373,434,2295,288,263,278,257,308,415,498,2307
鹿児島県,4612,奄美,はい,686,817,754,813,761,832,766,5429,411,552,496,496,590,740,770,4055
鹿児島県,4612,奄美,いいえ,626,652,644,655,752,901,962,5192,771,707,692,694,867,1104,1196,6031
沖縄県,4701,北部,はい,865,983,780,736,825,819,747,5755,506,585,494,495,576,634,628,3918
沖縄県,4701,北部,いいえ,659,677,547,549,646,767,799,4644,755,733,566,699,784,772,795,5104
沖縄県,4702,中部,はい,3919,4922,4398,3568,2827,2038,1616,23288,2380,3138,2943,2400,1833,1574,1584,15852
沖縄県,4702,中部,いいえ,3068,3508,2969,2440,1971,1597,1484,17037,3835,4357,3693,2936,2506,2020,1787,21134
沖縄県,4703,南部,はい,6017,7261,6587,5324,4278,3566,3160,36193,3656,4589,4738,3762,3116,2892,3030,25783
沖縄県,4703,南部,いいえ,5001,5607,4939,4133,3602,3137,3243,29662,6484,6892,6101,5298,4568,4478,4333,38154
沖縄県,4704,宮古,はい,418,499,436,462,440,441,318,3014,270,276,257,279,325,360,290,2057
沖縄県,4704,宮古,いいえ,307,318,246,287,334,357,329,2178,392,385,313,373,447,428,414,2752
沖縄県,4705,八重山,はい,223,263,244,169,219,262,225,1605,155,190,172,145,177,252,257,1348
沖縄県,4705,八重山,いいえ,200,234,211,177,178,177,229,1406,261,239,183,194,208,209,240,1534
二次医療圏判別不可,,,はい,34147,40164,41053,36685,18340,4932,2673,177994,8853,12468,12526,9327,4297,1442,783,49696
二次医療圏判別不可,,,いいえ,41482,41770,40526,37156,19088,5474,3530,189026,27176,29354,27376,20534,10260,3768,1985,120453
