都道府県名,二次医療圏番号,二次医療圏名,回答,男40～44歳,男45～49歳,男50～54歳,男55～59歳,男60～64歳,男65～69歳,男70～74歳,男中計,女40～44歳,女45～49歳,女50～54歳,女55～59歳,女60～64歳,女65～69歳,女70～74歳,女中計
北海道,0101,南渡島,毎日,763,907,689,533,422,409,481,4204,1056,1257,1294,1043,922,968,1140,7680
北海道,0101,南渡島,時々,2803,3441,3078,2641,2402,2205,2408,18978,2078,2760,2690,2577,2379,2427,3134,18045
北海道,0101,南渡島,ほとんど摂取しない,1063,1534,1573,1640,1578,1257,1324,9969,404,602,629,574,618,664,888,4379
北海道,0102,南檜山,毎日,37,37,28,27,35,22,42,228,49,55,59,45,66,57,78,409
北海道,0102,南檜山,時々,152,177,177,143,149,139,164,1101,109,123,131,129,148,171,236,1047
北海道,0102,南檜山,ほとんど摂取しない,64,121,114,118,106,90,67,680,24,40,23,40,25,30,49,231
北海道,0103,北渡島檜山,毎日,70,71,68,55,49,78,64,455,69,89,88,86,90,104,101,627
北海道,0103,北渡島檜山,時々,256,270,256,221,218,213,225,1659,148,186,158,183,172,217,264,1328
北海道,0103,北渡島檜山,ほとんど摂取しない,63,101,104,110,86,55,67,586,24,45,34,37,32,30,57,259
北海道,0104,札幌,毎日,6489,6806,5336,4034,2909,1760,1192,28526,9714,10350,9537,7269,4901,2634,1873,46278
北海道,0104,札幌,時々,21703,25664,23677,19694,16887,10691,6588,124904,15872,19623,18745,16201,11914,6840,4935,94130
北海道,0104,札幌,ほとんど摂取しない,8277,11276,12384,12261,10993,6114,3205,64510,3367,4551,4609,4011,3114,1724,1136,22512
北海道,0105,後志,毎日,440,525,438,309,273,242,283,2510,545,749,637,550,523,523,613,4140
北海道,0105,後志,時々,1550,1930,1800,1645,1386,1338,1410,11059,994,1366,1407,1346,1187,1250,1645,9195
北海道,0105,後志,ほとんど摂取しない,509,814,833,885,825,637,584,5087,221,294,300,285,306,270,415,2091
北海道,0106,南空知,毎日,329,404,294,259,244,216,244,1990,430,556,548,527,420,392,456,3329
北海道,0106,南空知,時々,1065,1473,1249,1263,1248,1160,1107,8565,742,1062,1066,1034,1053,989,1263,7209
北海道,0106,南空知,ほとんど摂取しない,343,543,589,635,654,502,394,3660,139,202,229,227,240,202,250,1489
北海道,0107,中空知,毎日,198,238,196,169,133,121,150,1205,322,355,328,323,240,235,305,2108
北海道,0107,中空知,時々,666,954,865,834,779,681,788,5567,518,737,678,719,683,706,945,4986
北海道,0107,中空知,ほとんど摂取しない,210,359,371,425,404,281,284,2334,112,137,162,170,163,154,202,1100
北海道,0108,北空知,毎日,47,56,49,40,44,36,55,327,89,93,91,78,81,88,104,624
北海道,0108,北空知,時々,175,238,198,237,227,227,283,1585,146,170,206,200,202,248,326,1498
北海道,0108,北空知,ほとんど摂取しない,51,85,102,118,117,99,100,672,27,32,29,31,25,39,72,255
北海道,0109,西胆振,毎日,324,371,294,238,201,205,298,1931,493,580,552,464,394,441,630,3554
北海道,0109,西胆振,時々,1157,1569,1397,1190,1055,1134,1420,8922,831,1147,1143,1094,1060,1245,1763,8283
北海道,0109,西胆振,ほとんど摂取しない,385,639,668,663,661,538,680,4234,169,279,292,254,252,283,434,1963
北海道,0110,東胆振,毎日,571,671,476,367,255,271,328,2939,763,751,668,518,453,541,654,4348
北海道,0110,東胆振,時々,2300,2720,2213,1921,1593,1525,1717,13989,1195,1628,1451,1435,1266,1536,2087,10598
北海道,0110,東胆振,ほとんど摂取しない,833,1212,1134,1056,972,828,800,6835,296,358,356,324,318,374,459,2485
北海道,0111,日高,毎日,136,161,128,111,76,75,70,757,163,168,168,153,119,125,144,1040
北海道,0111,日高,時々,448,530,456,382,351,349,359,2875,273,372,360,322,305,354,403,2389
北海道,0111,日高,ほとんど摂取しない,158,212,212,189,195,133,122,1221,53,77,67,69,83,70,78,497
北海道,0112,上川中部,毎日,668,797,655,491,366,271,191,3439,1015,1120,1100,778,554,362,292,5221
北海道,0112,上川中部,時々,2698,3187,2897,2530,2231,1480,1007,16030,1843,2304,2273,1905,1505,900,849,11579
北海道,0112,上川中部,ほとんど摂取しない,863,1254,1186,1213,1243,699,400,6858,287,430,421,364,296,194,162,2154
北海道,0113,上川北部,毎日,91,128,97,97,75,50,57,595,146,140,126,117,111,109,122,871
北海道,0113,上川北部,時々,402,511,472,432,424,331,326,2898,250,341,296,304,303,300,371,2165
北海道,0113,上川北部,ほとんど摂取しない,129,173,186,217,195,134,107,1141,53,58,53,58,63,52,64,401
北海道,0114,富良野,毎日,95,96,75,95,64,84,94,603,177,169,162,150,149,163,181,1151
北海道,0114,富良野,時々,293,366,363,344,359,317,385,2427,240,324,337,311,306,338,526,2382
北海道,0114,富良野,ほとんど摂取しない,130,168,165,207,182,154,163,1169,43,73,74,68,76,68,88,490
北海道,0115,留萌,毎日,73,122,87,72,69,66,56,545,102,138,136,124,121,123,143,887
北海道,0115,留萌,時々,317,400,394,352,338,307,310,2418,218,299,286,265,283,299,428,2078
北海道,0115,留萌,ほとんど摂取しない,87,161,172,159,148,108,100,935,31,44,51,59,58,60,72,375
北海道,0116,宗谷,毎日,194,222,184,153,122,103,81,1059,183,191,190,152,154,117,141,1128
北海道,0116,宗谷,時々,510,650,524,505,471,430,387,3477,354,388,379,361,329,340,386,2537
北海道,0116,宗谷,ほとんど摂取しない,170,259,261,270,237,177,125,1499,78,103,70,82,55,67,75,530
北海道,0117,北網,毎日,435,542,419,343,287,203,237,2466,548,648,568,569,483,427,487,3730
北海道,0117,北網,時々,1708,2105,1770,1630,1525,1192,1300,11230,1232,1555,1473,1439,1372,1302,1698,10071
北海道,0117,北網,ほとんど摂取しない,594,810,876,893,883,587,590,5233,236,313,282,318,277,279,438,2143
北海道,0118,遠紋,毎日,138,172,141,116,110,87,97,861,145,167,172,180,123,139,204,1130
北海道,0118,遠紋,時々,435,534,538,511,440,387,464,3309,265,330,381,372,372,451,589,2760
北海道,0118,遠紋,ほとんど摂取しない,158,231,242,255,226,155,185,1452,48,83,91,71,72,81,150,596
北海道,0119,十勝,毎日,850,875,722,576,496,452,483,4454,1051,1172,1139,993,794,801,827,6777
北海道,0119,十勝,時々,2541,3080,2660,2485,2341,2117,2205,17429,1753,2307,2201,2140,2057,2224,2727,15409
北海道,0119,十勝,ほとんど摂取しない,870,1259,1351,1384,1361,997,995,8217,360,498,501,484,517,469,698,3527
北海道,0120,釧路,毎日,600,623,530,352,383,318,346,3152,762,923,802,674,595,619,658,5033
北海道,0120,釧路,時々,1808,2354,2136,1860,1699,1514,1653,13024,1239,1660,1607,1511,1468,1592,1908,10985
北海道,0120,釧路,ほとんど摂取しない,693,935,1015,1062,1035,777,712,6229,259,339,377,321,331,355,408,2390
北海道,0121,根室,毎日,194,187,138,131,108,69,79,906,230,222,211,196,170,160,146,1335
北海道,0121,根室,時々,563,664,549,541,429,401,376,3523,400,440,427,387,388,368,396,2806
北海道,0121,根室,ほとんど摂取しない,181,246,235,221,232,158,135,1408,78,96,97,93,86,89,94,633
青森県,0201,津軽地域,毎日,562,492,430,371,351,299,359,2864,1027,1043,1011,1002,839,744,724,6390
青森県,0201,津軽地域,時々,2227,2367,2203,2013,1741,1186,917,12654,1595,1924,1935,1946,1416,861,712,10389
青森県,0201,津軽地域,ほとんど摂取しない,1035,1358,1304,1392,1327,953,889,8258,444,608,542,614,614,717,870,4409
青森県,0202,八戸地域,毎日,822,794,759,587,490,482,554,4488,1279,1460,1382,1201,1063,1070,1193,8648
青森県,0202,八戸地域,時々,3352,4068,3767,3273,3022,2494,2417,22393,2463,3215,3405,3009,2859,2527,2652,20130
青森県,0202,八戸地域,ほとんど摂取しない,1665,2183,2495,2376,2359,1695,1446,14219,599,856,851,826,758,845,993,5728
青森県,0203,青森地域,毎日,725,788,655,530,441,423,604,4166,1368,1494,1378,1234,1114,1116,1486,9190
青森県,0203,青森地域,時々,2841,3519,3071,2881,2705,2102,2237,19356,2045,2620,2486,2457,2202,2053,2681,16544
青森県,0203,青森地域,ほとんど摂取しない,1717,2169,2316,2327,2227,1584,1676,14016,938,1225,1086,1095,1081,1137,1431,7993
青森県,0204,西北五地域,毎日,187,202,168,178,179,234,301,1449,322,387,439,450,512,633,690,3433
青森県,0204,西北五地域,時々,649,814,774,810,663,555,535,4800,496,577,666,593,573,460,424,3789
青森県,0204,西北五地域,ほとんど摂取しない,418,563,630,666,596,726,820,4419,257,327,359,495,605,865,1064,3972
青森県,0205,上十三地域,毎日,386,413,322,287,284,271,370,2333,606,676,615,596,605,655,733,4486
青森県,0205,上十三地域,時々,1608,1801,1597,1419,1390,1173,1130,10118,1062,1402,1426,1219,1205,1003,967,8284
青森県,0205,上十三地域,ほとんど摂取しない,921,1129,1182,1092,1043,911,888,7166,405,491,447,489,538,785,1051,4206
青森県,0206,下北地域,毎日,144,152,134,87,95,115,115,842,241,301,265,241,234,287,286,1855
青森県,0206,下北地域,時々,469,605,530,536,527,437,401,3505,346,416,447,381,407,330,302,2629
青森県,0206,下北地域,ほとんど摂取しない,289,346,359,399,406,366,393,2558,149,239,243,228,269,343,427,1898
岩手県,0301,盛岡,毎日,1349,1319,1082,766,744,655,921,6836,2289,2640,2302,2074,1830,1755,2123,15013
岩手県,0301,盛岡,時々,5767,6461,5863,5031,4507,3967,4239,35835,4285,5126,4996,4514,4424,4666,5595,33606
岩手県,0301,盛岡,ほとんど摂取しない,2324,3188,3237,3288,3266,2365,2400,20068,778,1052,1008,926,985,1087,1385,7221
岩手県,0302,岩手中部,毎日,701,619,480,450,326,325,356,3257,1054,1149,984,943,798,942,1030,6900
岩手県,0302,岩手中部,時々,2813,3047,2628,2315,2129,2009,2279,17220,1815,2214,2164,1990,2057,2277,2742,15259
岩手県,0302,岩手中部,ほとんど摂取しない,967,1316,1225,1282,1283,1154,1001,8228,293,410,376,378,393,404,535,2789
岩手県,0303,胆江,毎日,384,397,322,272,263,276,367,2281,603,697,559,585,588,664,744,4440
岩手県,0303,胆江,時々,1675,1845,1431,1309,1378,1409,1547,10594,1124,1282,1159,1182,1303,1517,1870,9437
岩手県,0303,胆江,ほとんど摂取しない,547,744,732,742,810,728,574,4877,193,227,244,216,265,272,362,1779
岩手県,0304,両磐,毎日,363,344,278,238,255,257,343,2078,481,567,535,570,540,588,587,3868
岩手県,0304,両磐,時々,1316,1434,1258,1273,1273,1201,1361,9116,949,1071,1040,1079,1175,1309,1441,8064
岩手県,0304,両磐,ほとんど摂取しない,455,615,604,656,661,623,483,4097,142,190,172,163,196,188,217,1268
岩手県,0305,気仙,毎日,123,144,153,129,114,114,143,920,223,289,289,305,290,332,356,2084
岩手県,0305,気仙,時々,545,733,667,662,553,553,630,4343,391,494,535,572,537,657,790,3976
岩手県,0305,気仙,ほとんど摂取しない,157,242,329,360,322,264,254,1928,57,91,99,94,79,88,109,617
岩手県,0306,釜石,毎日,118,111,104,90,57,86,93,659,147,174,176,179,161,182,244,1263
岩手県,0306,釜石,時々,347,422,431,418,391,343,376,2728,251,295,316,311,342,360,486,2361
岩手県,0306,釜石,ほとんど摂取しない,123,177,197,190,154,183,162,1186,47,64,53,58,68,69,93,452
岩手県,0307,宮古,毎日,229,192,192,161,126,147,194,1241,262,300,315,268,300,309,373,2127
岩手県,0307,宮古,時々,621,751,856,781,684,709,906,5308,459,622,639,606,715,853,1095,4989
岩手県,0307,宮古,ほとんど摂取しない,246,289,372,416,365,324,359,2371,63,80,110,103,100,138,221,815
岩手県,0308,久慈,毎日,128,122,113,122,127,136,175,923,214,226,254,249,273,296,298,1810
岩手県,0308,久慈,時々,494,617,596,498,572,502,651,3930,383,473,553,473,554,634,759,3829
岩手県,0308,久慈,ほとんど摂取しない,213,267,325,290,347,275,238,1955,63,98,102,79,112,122,159,735
岩手県,0309,二戸,毎日,121,146,117,104,130,156,186,960,206,194,239,229,269,312,343,1792
岩手県,0309,二戸,時々,495,525,581,576,569,640,674,4060,425,502,608,563,633,720,814,4265
岩手県,0309,二戸,ほとんど摂取しない,195,293,306,361,323,306,267,2051,62,88,95,84,78,121,162,690
宮城県,0401,仙南,毎日,477,437,342,296,274,301,335,2462,702,891,675,693,642,690,656,4949
宮城県,0401,仙南,時々,1938,2073,1803,1599,1672,1902,2168,13155,1350,1597,1584,1595,1758,2129,2364,12377
宮城県,0401,仙南,ほとんど摂取しない,755,965,928,991,1073,1075,996,6783,267,337,321,319,378,399,466,2487
宮城県,0403,仙台,毎日,4645,4578,3683,2636,1896,1974,2504,21916,8468,9300,8047,6302,5484,5377,6332,49310
宮城県,0403,仙台,時々,18934,21519,18827,14867,12815,11700,13736,112398,14621,17410,16271,13865,12755,13415,17089,105426
宮城県,0403,仙台,ほとんど摂取しない,8945,12239,12432,11171,9875,7742,7328,69732,3312,4286,4088,3492,3271,3109,3889,25447
宮城県,0406,大崎・栗原,毎日,807,703,520,469,480,501,537,4017,1202,1301,1162,1106,1144,1263,1086,8264
宮城県,0406,大崎・栗原,時々,3187,3309,2644,2594,2812,2872,3078,20496,2248,2536,2355,2468,2741,3001,3246,18595
宮城県,0406,大崎・栗原,ほとんど摂取しない,1275,1493,1542,1695,1744,1524,1309,10582,433,547,548,491,548,619,633,3819
宮城県,0409,石巻・登米・気仙沼,毎日,827,816,668,621,563,609,787,4891,1404,1601,1546,1484,1484,1439,1658,10616
宮城県,0409,石巻・登米・気仙沼,時々,3597,3879,3534,3270,3195,3482,4131,25088,2497,2903,2993,3298,3422,4065,4807,23985
宮城県,0409,石巻・登米・気仙沼,ほとんど摂取しない,1449,1875,1926,1963,2117,1864,1784,12978,521,669,614,603,749,709,870,4735
秋田県,0501,大館・鹿角,毎日,158,161,118,132,130,134,190,1023,309,344,305,295,341,401,468,2463
秋田県,0501,大館・鹿角,時々,644,736,653,655,674,718,887,4967,564,600,623,645,727,843,1146,5148
秋田県,0501,大館・鹿角,ほとんど摂取しない,291,427,414,429,492,418,419,2890,109,142,156,135,153,165,245,1105
秋田県,0502,北秋田,毎日,45,39,36,50,35,56,77,338,68,75,78,73,95,136,160,685
秋田県,0502,北秋田,時々,151,187,184,175,174,237,297,1405,119,141,151,154,196,286,359,1406
秋田県,0502,北秋田,ほとんど摂取しない,80,132,103,156,146,156,143,916,23,47,31,47,53,50,85,336
秋田県,0503,能代・山本,毎日,138,150,132,124,111,132,145,932,246,278,343,331,342,352,434,2326
秋田県,0503,能代・山本,時々,557,654,670,591,622,655,768,4517,464,573,622,602,692,761,910,4624
秋田県,0503,能代・山本,ほとんど摂取しない,287,368,358,444,465,364,297,2583,112,148,136,152,159,171,186,1064
秋田県,0504,秋田周辺,毎日,611,646,531,452,378,413,622,3653,1214,1393,1301,1131,1132,1401,1702,9274
秋田県,0504,秋田周辺,時々,2965,3421,3113,2766,2510,2372,2887,20034,2285,2729,2706,2514,2587,2954,3899,19674
秋田県,0504,秋田周辺,ほとんど摂取しない,1446,2129,2127,2292,2166,1615,1547,13322,594,724,743,650,683,739,990,5123
秋田県,0505,由利本荘・にかほ,毎日,277,247,242,225,198,237,292,1718,473,455,465,487,475,539,467,3361
秋田県,0505,由利本荘・にかほ,時々,733,787,715,684,762,745,762,5188,492,598,643,614,684,895,961,4887
秋田県,0505,由利本荘・にかほ,ほとんど摂取しない,307,372,408,463,420,504,515,2989,106,164,149,157,195,235,279,1285
秋田県,0506,大仙・仙北,毎日,164,133,153,108,137,187,248,1130,309,327,322,339,388,581,559,2825
秋田県,0506,大仙・仙北,時々,789,873,744,744,809,1011,1334,6304,665,715,716,795,1047,1364,1591,6893
秋田県,0506,大仙・仙北,ほとんど摂取しない,378,472,507,567,639,543,528,3634,134,164,184,182,214,291,327,1496
秋田県,0507,横手,毎日,173,166,138,133,138,177,249,1174,329,376,388,366,446,588,549,3042
秋田県,0507,横手,時々,747,802,644,682,733,802,999,5409,631,745,727,746,775,942,1032,5598
秋田県,0507,横手,ほとんど摂取しない,375,424,483,497,502,412,334,3027,149,169,186,166,182,202,194,1248
秋田県,0508,湯沢・雄勝,毎日,82,82,90,92,96,131,188,761,156,169,180,214,234,354,354,1661
秋田県,0508,湯沢・雄勝,時々,467,451,470,487,538,641,717,3771,311,388,454,455,565,649,770,3592
秋田県,0508,湯沢・雄勝,ほとんど摂取しない,200,267,291,321,336,308,254,1977,73,115,122,88,112,131,124,765
山形県,0601,村山,毎日,1798,1633,1301,1076,946,1082,1309,9145,3290,3248,3004,2765,2691,2588,2539,20125
山形県,0601,村山,時々,6741,7057,6237,5553,5441,5196,5847,42072,5309,6124,5641,5525,5726,5872,6061,40258
山形県,0601,村山,ほとんど摂取しない,3010,3637,3682,3747,3828,3382,3076,24362,1217,1412,1297,1253,1345,1330,1404,9258
山形県,0602,最上,毎日,170,172,121,121,125,199,199,1107,287,339,374,354,410,399,374,2537
山形県,0602,最上,時々,820,834,742,767,890,886,930,5869,701,801,767,833,1000,1038,950,6090
山形県,0602,最上,ほとんど摂取しない,393,530,506,596,620,515,481,3641,161,177,215,209,218,230,225,1435
山形県,0603,置賜,毎日,571,581,492,480,395,417,444,3380,1108,1170,1081,1061,1006,982,910,7318
山形県,0603,置賜,時々,2581,2708,2489,2239,2144,2103,2215,16479,2023,2264,2295,2275,2258,2301,2280,15696
山形県,0603,置賜,ほとんど摂取しない,1330,1659,1624,1654,1738,1483,1370,10858,497,643,592,596,594,623,699,4244
山形県,0604,庄内,毎日,800,729,694,557,542,583,624,4529,1586,1646,1508,1488,1517,1485,1452,10682
山形県,0604,庄内,時々,3291,3596,3132,2929,2825,2680,2897,21350,2604,3078,3061,3067,3164,3362,3724,22060
山形県,0604,庄内,ほとんど摂取しない,1438,1859,1959,2042,2295,2180,2170,13943,516,671,700,681,770,933,1148,5419
福島県,0701,県北,毎日,1233,1209,1046,849,762,707,883,6689,2262,2493,2388,2124,1807,1866,1923,14863
福島県,0701,県北,時々,5293,6012,5295,4740,4478,4434,5103,35355,4041,4844,4804,4487,4781,5057,5914,33928
福島県,0701,県北,ほとんど摂取しない,2150,2983,3183,3290,3303,2684,2723,20316,839,1117,1089,1035,1099,1177,1463,7819
福島県,0702,県中,毎日,1242,1207,956,771,633,662,733,6204,2196,2305,2086,1828,1630,1463,1430,12938
福島県,0702,県中,時々,5432,5986,5048,4494,4387,3962,4348,33657,4249,4920,4649,4705,4779,4762,5575,33639
福島県,0702,県中,ほとんど摂取しない,2300,2953,2973,2975,2897,2338,2218,18654,863,1140,1019,998,1072,1139,1346,7577
福島県,0703,県南,毎日,415,365,279,259,225,219,260,2022,598,637,544,505,517,474,456,3731
福島県,0703,県南,時々,1797,1868,1564,1519,1437,1488,1526,11199,1339,1481,1330,1323,1603,1696,1823,10595
福島県,0703,県南,ほとんど摂取しない,694,884,833,965,967,856,827,6026,261,334,290,296,370,417,467,2435
福島県,0706,相双,毎日,309,284,245,216,209,268,322,1853,501,512,500,479,538,612,587,3729
福島県,0706,相双,時々,1297,1432,1209,1155,1295,1635,1911,9934,933,1111,1153,1265,1613,1970,2310,10355
福島県,0706,相双,ほとんど摂取しない,536,776,704,780,911,973,1066,5746,201,282,231,225,409,538,663,2549
福島県,0707,いわき,毎日,656,676,569,494,353,299,364,3411,1167,1325,1192,1093,948,826,938,7489
福島県,0707,いわき,時々,3457,3960,3539,2993,2581,2323,2349,21202,2529,3015,2954,2784,2681,2438,2725,19126
福島県,0707,いわき,ほとんど摂取しない,1465,2031,2141,2040,1994,1527,1408,12606,505,743,694,643,715,598,710,4608
福島県,0708,会津・南会津,毎日,607,576,474,434,426,403,473,3393,1076,1103,1079,1130,1064,1092,1030,7574
福島県,0708,会津・南会津,時々,2657,2834,2581,2572,2590,2608,2883,18725,2034,2472,2454,2581,2860,3162,3508,19071
福島県,0708,会津・南会津,ほとんど摂取しない,1119,1500,1456,1710,1770,1627,1614,10796,443,587,570,598,608,719,859,4384
茨城県,0801,水戸,毎日,1190,1296,1057,760,551,437,429,5720,1878,2100,1968,1534,1052,923,860,10315
茨城県,0801,水戸,時々,4900,5707,5160,4081,3391,2529,2228,27996,3424,4231,4164,3712,3108,2625,2521,23785
茨城県,0801,水戸,ほとんど摂取しない,2007,2751,2953,2779,2242,1467,1103,15302,743,946,908,804,689,541,554,5185
茨城県,0802,日立,毎日,475,510,478,331,282,227,273,2576,844,1058,1069,791,662,530,580,5534
茨城県,0802,日立,時々,2249,2752,2460,2029,1823,1554,1793,14660,1639,2244,2392,1969,1818,1849,2289,14200
茨城県,0802,日立,ほとんど摂取しない,743,1078,1296,1263,1118,899,878,7275,267,395,426,419,341,402,525,2775
茨城県,0803,常陸太田・ひたちなか,毎日,957,1021,899,654,509,483,563,5086,1375,1597,1620,1268,1063,1102,1127,9152
茨城県,0803,常陸太田・ひたちなか,時々,3803,4486,4354,3570,2927,2717,2943,24800,2534,3127,3377,3007,2882,3055,3527,21509
茨城県,0803,常陸太田・ひたちなか,ほとんど摂取しない,1424,2001,2345,2381,1906,1384,1388,12829,485,664,712,602,555,567,708,4293
茨城県,0804,鹿行,毎日,608,638,515,374,322,296,327,3080,935,1031,958,808,719,651,655,5757
茨城県,0804,鹿行,時々,2614,3087,2721,2144,1710,1559,1462,15297,1819,2195,2179,1761,1662,1538,1629,12783
茨城県,0804,鹿行,ほとんど摂取しない,927,1247,1372,1136,934,693,600,6909,331,404,435,395,336,269,334,2504
茨城県,0805,土浦,毎日,744,742,598,455,375,327,396,3637,904,1132,1065,851,726,726,820,6224
茨城県,0805,土浦,時々,2502,3026,2840,2318,1725,1720,1854,15985,1654,2233,2163,1859,1790,1772,2150,13621
茨城県,0805,土浦,ほとんど摂取しない,1076,1533,1565,1459,1197,993,884,8707,359,492,514,498,425,410,538,3236
茨城県,0806,つくば,毎日,1221,1170,891,645,431,400,475,5233,1847,1933,1583,1181,889,884,941,9258
茨城県,0806,つくば,時々,4352,4594,3824,2887,2275,1981,2244,22157,3115,3539,3133,2520,2134,2197,2525,19163
茨城県,0806,つくば,ほとんど摂取しない,1914,2250,2187,1848,1506,1070,1081,11856,621,864,703,547,527,464,573,4299
茨城県,0807,取手・竜ヶ崎,毎日,1315,1499,1211,918,619,635,885,7082,1967,2352,2133,1684,1400,1534,1788,12858
茨城県,0807,取手・竜ヶ崎,時々,4758,5844,5306,4096,3317,3206,3949,30476,3222,4121,3887,3420,3226,3496,4344,25716
茨城県,0807,取手・竜ヶ崎,ほとんど摂取しない,1796,2681,2746,2559,2117,1764,1951,15614,678,910,961,795,749,741,1073,5907
茨城県,0808,筑西・下妻,毎日,732,702,593,450,410,392,397,3676,913,1095,996,862,824,805,689,6184
茨城県,0808,筑西・下妻,時々,2531,2970,2610,2164,1960,2037,1922,16194,1789,2214,2300,2039,2036,2291,2266,14935
茨城県,0808,筑西・下妻,ほとんど摂取しない,1039,1422,1402,1324,1266,1039,840,8332,390,518,511,484,434,432,478,3247
茨城県,0809,古河・坂東,毎日,607,598,533,368,324,225,174,2829,730,931,849,617,502,403,335,4367
茨城県,0809,古河・坂東,時々,2300,2664,2443,1912,1631,1182,1016,13148,1472,1927,1865,1577,1468,1227,1078,10614
茨城県,0809,古河・坂東,ほとんど摂取しない,893,1204,1313,1157,1066,705,494,6832,322,436,461,378,369,300,308,2574
栃木県,0901,県北,毎日,1329,1299,1069,802,738,694,776,6707,1731,1870,1652,1391,1464,1307,1248,10663
栃木県,0901,県北,時々,4590,4918,4208,3410,3301,3428,3823,27678,2980,3575,3497,3202,3336,3875,4284,24749
栃木県,0901,県北,ほとんど摂取しない,1660,2155,2272,2221,2168,2026,1963,14465,551,762,770,721,767,940,1197,5708
栃木県,0902,県西,毎日,627,650,576,447,392,374,373,3439,754,831,858,739,627,591,634,5034
栃木県,0902,県西,時々,1707,2137,1960,1581,1569,1466,1667,12087,1207,1606,1609,1511,1544,1707,2048,11232
栃木県,0902,県西,ほとんど摂取しない,590,934,1009,1020,1014,909,889,6365,263,396,386,359,404,456,539,2803
栃木県,0903,宇都宮,毎日,2376,2280,1855,1295,891,647,643,9987,2932,3144,2659,1952,1399,1153,1285,14524
栃木県,0903,宇都宮,時々,6966,7715,6958,5365,3952,2906,3041,36903,4542,5372,5219,4233,3473,3164,3747,29750
栃木県,0903,宇都宮,ほとんど摂取しない,2415,3283,3545,3221,2703,1723,1753,18643,801,1181,1165,943,856,824,1090,6860
栃木県,0904,県東,毎日,637,619,480,347,330,314,319,3046,700,744,668,558,547,618,541,4376
栃木県,0904,県東,時々,1852,2065,1690,1493,1401,1583,1698,11782,1158,1382,1301,1254,1476,1738,1909,10218
栃木県,0904,県東,ほとんど摂取しない,674,844,868,861,864,794,767,5672,215,322,292,264,318,342,438,2191
栃木県,0905,県南,毎日,1559,1636,1322,971,790,772,856,7906,2111,2307,2212,1701,1608,1566,1498,13003
栃木県,0905,県南,時々,5200,6440,5439,4451,4018,3712,3966,33226,3560,4380,4436,3737,3693,4044,4623,28473
栃木県,0905,県南,ほとんど摂取しない,1929,2866,2928,2681,2469,2135,2070,17078,709,965,1001,873,870,913,1199,6530
栃木県,0906,両毛,毎日,772,856,739,549,421,347,381,4065,958,1055,1080,843,682,666,723,6007
栃木県,0906,両毛,時々,2680,3247,3013,2437,1980,1818,1982,17157,1592,2235,2214,1996,1879,2086,2664,14666
栃木県,0906,両毛,ほとんど摂取しない,1018,1396,1561,1486,1315,1063,1209,9048,334,483,497,482,473,536,717,3522
群馬県,1001,前橋,毎日,997,954,819,637,468,447,416,4738,1382,1552,1509,1201,982,912,966,8504
群馬県,1001,前橋,時々,3996,4645,4228,3342,2856,2597,2900,24564,2674,3550,3567,3270,2936,3291,4163,23451
群馬県,1001,前橋,ほとんど摂取しない,1572,2242,2405,2247,2054,1742,1927,14189,569,865,852,816,721,793,1176,5792
群馬県,1002,渋川,毎日,301,295,240,176,177,145,137,1471,428,441,471,357,300,299,321,2617
群馬県,1002,渋川,時々,1189,1381,1186,1076,1044,954,1084,7914,820,1013,1081,894,992,1109,1378,7287
群馬県,1002,渋川,ほとんど摂取しない,495,615,706,594,707,601,598,4316,190,259,241,249,231,264,344,1778
群馬県,1003,伊勢崎,毎日,850,839,674,519,386,306,335,3909,1111,1284,1177,865,739,700,759,6635
群馬県,1003,伊勢崎,時々,2947,3515,3305,2586,2177,1877,2155,18562,1958,2538,2628,2172,1936,2241,3065,16538
群馬県,1003,伊勢崎,ほとんど摂取しない,1086,1632,1671,1606,1379,1079,1234,9687,451,582,621,557,466,494,772,3943
群馬県,1004,高崎・安中,毎日,1181,1255,1082,801,567,488,579,5953,1685,1975,1963,1479,1139,1160,1322,10723
群馬県,1004,高崎・安中,時々,4793,5893,5447,4319,3427,2917,3381,30177,3198,4419,4466,3823,3253,3592,4807,27558
群馬県,1004,高崎・安中,ほとんど摂取しない,1922,2774,3161,2765,2330,1961,2068,16981,741,1055,1049,973,825,875,1347,6865
群馬県,1005,藤岡,毎日,162,161,154,91,85,91,109,853,188,254,281,217,206,222,250,1618
群馬県,1005,藤岡,時々,645,848,733,643,567,523,693,4652,417,614,616,560,528,616,937,4288
群馬県,1005,藤岡,ほとんど摂取しない,258,434,432,420,365,315,387,2611,78,149,164,149,150,158,181,1029
群馬県,1006,富岡,毎日,150,164,150,133,115,137,139,988,216,311,295,244,272,299,262,1899
群馬県,1006,富岡,時々,621,798,692,640,617,668,762,4798,477,630,665,640,659,811,1036,4918
群馬県,1006,富岡,ほとんど摂取しない,271,384,421,477,470,451,490,2964,91,148,153,173,154,195,291,1205
群馬県,1007,吾妻,毎日,82,116,121,108,95,97,121,740,135,165,201,207,184,194,196,1282
群馬県,1007,吾妻,時々,428,562,575,522,574,612,720,3993,321,450,490,491,544,604,801,3701
群馬県,1007,吾妻,ほとんど摂取しない,170,260,280,297,348,313,335,2003,70,104,107,109,136,133,215,874
群馬県,1008,沼田,毎日,131,179,154,124,125,145,133,991,234,316,290,279,269,270,269,1927
群馬県,1008,沼田,時々,695,827,857,796,793,827,951,5746,557,767,734,810,891,1024,1203,5986
群馬県,1008,沼田,ほとんど摂取しない,288,416,454,487,509,533,556,3243,109,150,176,169,193,235,303,1335
群馬県,1009,桐生,毎日,395,448,384,329,246,200,249,2251,460,636,657,480,435,463,502,3633
群馬県,1009,桐生,時々,1491,1920,1878,1478,1258,1175,1589,10789,1035,1395,1527,1306,1243,1534,2362,10402
群馬県,1009,桐生,ほとんど摂取しない,555,829,966,865,833,679,976,5703,213,350,388,300,325,351,562,2489
群馬県,1010,太田・館林,毎日,1571,1580,1206,894,620,580,642,7093,1582,2039,1710,1227,1044,1092,1179,9873
群馬県,1010,太田・館林,時々,5032,5683,5145,3772,2887,2795,3777,29091,2651,3557,3499,2810,2596,3341,5070,23524
群馬県,1010,太田・館林,ほとんど摂取しない,1547,2189,2404,2249,1698,1488,1892,13467,503,748,759,654,598,726,1124,5112
埼玉県,1101,南部,毎日,2880,2861,2530,1617,1038,796,1004,12726,3784,4446,4159,2958,1968,1541,2099,20955
埼玉県,1101,南部,時々,9576,11085,10299,7520,5185,4055,4761,52481,6321,7648,7663,6069,4639,4107,6009,42456
埼玉県,1101,南部,ほとんど摂取しない,4027,5399,5906,5129,3759,2538,2468,29226,1351,1825,1829,1635,1292,1060,1604,10596
埼玉県,1102,南西部,毎日,2698,2703,2305,1544,998,776,1073,12097,3989,4449,4212,3030,1978,1799,2479,21936
埼玉県,1102,南西部,時々,8684,10168,9511,7132,4887,4028,5299,49709,5987,7441,7502,6038,4385,4417,6948,42718
埼玉県,1102,南西部,ほとんど摂取しない,3360,4531,5116,4621,3348,2476,2747,26199,1151,1528,1628,1400,1179,1114,1912,9912
埼玉県,1103,東部,毎日,3639,4158,3349,2136,1310,1304,1664,17560,5475,6470,6011,4099,3033,2989,4240,32317
埼玉県,1103,東部,時々,12360,15289,14202,10168,7361,6603,9105,75088,8549,11032,11069,8658,7112,8042,12799,67261
埼玉県,1103,東部,ほとんど摂取しない,4891,7035,7721,6563,5097,3942,4981,40230,1766,2440,2592,2269,1774,1966,3328,16135
埼玉県,1104,さいたま,毎日,4701,4765,4040,2755,1888,1560,1791,21500,6863,7626,7400,5502,3702,2964,3767,37824
埼玉県,1104,さいたま,時々,15885,18125,16976,12948,9522,6807,7663,87926,10576,12648,12822,10441,7995,7114,9372,70968
埼玉県,1104,さいたま,ほとんど摂取しない,6624,9005,10026,9072,7260,4943,5482,52412,2337,3074,3201,2790,2318,2334,3751,19805
埼玉県,1105,県央,毎日,1734,1865,1659,1123,757,773,940,8851,2314,2802,2821,2101,1584,1585,2239,15446
埼玉県,1105,県央,時々,5742,7277,6828,5121,4092,3737,4978,37775,3539,4883,5159,4210,3624,4265,6670,32350
埼玉県,1105,県央,ほとんど摂取しない,2255,3239,3656,3352,2798,2199,2665,20164,762,1091,1153,959,888,1061,1754,7668
埼玉県,1106,川越比企,毎日,2726,2874,2414,1614,1184,1149,1450,13411,3527,4166,3836,2856,2370,2368,2905,22028
埼玉県,1106,川越比企,時々,8811,10714,9783,7382,5969,5510,7156,55325,5388,6941,7231,5901,5510,6200,8805,45976
埼玉県,1106,川越比企,ほとんど摂取しない,3111,4608,5126,4545,3995,3199,3691,28275,1015,1470,1462,1421,1324,1378,2148,10218
埼玉県,1107,西部,毎日,2522,2957,2480,1803,1297,1149,1445,13653,3657,4337,4203,3222,2526,2311,3021,23277
埼玉県,1107,西部,時々,7628,9637,9372,7161,5845,5132,6397,51172,5153,6649,6780,5846,5011,5288,7439,42166
埼玉県,1107,西部,ほとんど摂取しない,2931,4282,4860,4632,3877,2946,3285,26813,1052,1430,1555,1394,1281,1282,1743,9737
埼玉県,1108,利根,毎日,1894,2055,1674,1154,945,979,1215,9916,2682,3030,2769,2238,1984,2092,2410,17205
埼玉県,1108,利根,時々,6381,8072,7245,5521,4981,4976,6084,43260,3933,5320,5343,4703,4586,5386,7636,36907
埼玉県,1108,利根,ほとんど摂取しない,2377,3546,3832,3571,3349,2832,3079,22586,800,1095,1174,1143,1113,1305,1987,8617
埼玉県,1109,北部,毎日,1543,1582,1313,963,707,665,671,7444,1954,2233,2136,1787,1455,1318,1325,12208
埼玉県,1109,北部,時々,5213,6134,5687,4505,3868,3659,4012,33078,3505,4578,4500,4021,3839,3925,4740,29108
埼玉県,1109,北部,ほとんど摂取しない,2015,2737,3064,2856,2589,2179,2106,17546,717,1010,1124,939,892,940,1174,6796
埼玉県,1110,秩父,毎日,204,203,185,149,137,124,114,1116,257,319,341,276,236,276,251,1956
埼玉県,1110,秩父,時々,724,852,877,759,773,752,829,5566,463,654,700,663,714,838,937,4969
埼玉県,1110,秩父,ほとんど摂取しない,236,384,480,491,440,419,426,2876,94,151,129,161,175,162,260,1132
千葉県,1201,千葉,毎日,3226,3753,3298,2196,1463,1075,1364,16375,4732,5666,5984,4145,2893,2324,3324,29068
千葉県,1201,千葉,時々,10525,13176,13108,9592,7014,5112,6297,64824,6691,9009,9374,7428,5688,5365,8036,51591
千葉県,1201,千葉,ほとんど摂取しない,4136,6142,7213,6337,4749,3079,3417,35073,1511,2048,2205,1878,1455,1412,2190,12699
千葉県,1202,東葛南部,毎日,6447,6891,5823,3897,2299,1533,1732,28622,9226,10899,10388,7054,4524,3292,4032,49415
千葉県,1202,東葛南部,時々,20221,23908,22781,16726,11010,7294,7833,109773,13890,17064,17023,13204,9175,7263,9499,87118
千葉県,1202,東葛南部,ほとんど摂取しない,8252,11384,13267,11248,7797,4559,4166,60673,2971,3895,4136,3203,2330,1757,2376,20668
千葉県,1203,東葛北部,毎日,4820,5133,4373,2878,1910,1582,2159,22855,7141,8178,7584,5430,3935,3894,5002,41164
千葉県,1203,東葛北部,時々,15904,18672,17271,12606,9307,7837,9752,91349,10744,13130,13010,10643,8592,8693,12896,77708
千葉県,1203,東葛北部,ほとんど摂取しない,6375,8540,9168,8170,6529,4778,5345,48905,2319,2927,2956,2583,2074,2227,3214,18300
千葉県,1204,印旛,毎日,2221,2302,1961,1336,1104,1137,1343,11404,3192,3611,3327,2624,2305,2337,2686,20082
千葉県,1204,印旛,時々,7096,8188,7593,5803,5140,5105,5914,44839,4943,6156,5930,5088,5018,5406,6345,38886
千葉県,1204,印旛,ほとんど摂取しない,2642,3820,4065,3646,3335,2899,3055,23462,995,1394,1430,1177,1168,1253,1608,9025
千葉県,1205,香取海匝,毎日,583,643,578,501,480,561,667,4013,780,899,965,931,1012,1177,1273,7037
千葉県,1205,香取海匝,時々,1953,2381,2344,2024,2141,2322,2911,16076,1337,1702,1952,1934,2307,2806,3437,15475
千葉県,1205,香取海匝,ほとんど摂取しない,728,1019,1170,1131,1133,1020,1107,7308,291,364,426,428,448,489,692,3138
千葉県,1206,山武長生夷隅,毎日,1137,1319,1198,968,904,967,1089,7582,1496,1842,1889,1665,1694,1720,1857,12163
千葉県,1206,山武長生夷隅,時々,3394,4224,4067,3477,3368,3424,4039,25993,2276,2847,3145,3074,3204,3502,4298,22346
千葉県,1206,山武長生夷隅,ほとんど摂取しない,1236,1789,1942,1965,1961,1835,2048,12776,450,632,716,651,700,794,1041,4984
千葉県,1207,安房,毎日,210,255,247,206,151,175,170,1414,403,453,436,354,335,348,407,2736
千葉県,1207,安房,時々,826,1029,1072,812,857,775,943,6314,649,900,893,770,791,904,1154,6061
千葉県,1207,安房,ほとんど摂取しない,272,412,456,447,449,421,428,2885,85,150,167,142,153,197,259,1153
千葉県,1208,君津,毎日,996,1009,904,628,502,588,746,5373,1301,1529,1437,1089,1044,1273,1617,9290
千葉県,1208,君津,時々,3077,3836,3393,2572,2431,2753,3574,21636,2022,2534,2568,2289,2194,2854,4086,18547
千葉県,1208,君津,ほとんど摂取しない,1203,1586,1736,1549,1569,1423,1517,10583,431,553,568,519,444,611,865,3991
千葉県,1209,市原,毎日,681,809,703,493,358,397,500,3941,977,1224,1209,942,912,936,1171,7371
千葉県,1209,市原,時々,2422,3059,2773,2095,1878,2248,2596,17071,1602,2121,2099,1846,1858,2446,3051,15023
千葉県,1209,市原,ほとんど摂取しない,841,1276,1456,1331,1230,1186,1229,8549,334,410,474,361,393,445,637,3054
東京都,1301,区中央部,毎日,5805,5475,4461,3183,1960,1052,1007,22943,8232,8544,7589,5009,3088,1978,2378,36818
東京都,1301,区中央部,時々,20492,22199,19977,15409,9983,5026,4558,97644,14240,15540,14048,10381,6757,4567,5702,71235
東京都,1301,区中央部,ほとんど摂取しない,10243,12596,13500,12095,7967,3801,2967,63169,4426,4916,4769,3622,2495,1556,1947,23731
東京都,1302,区南部,毎日,4461,4228,3651,2524,1565,1080,1418,18927,6658,7170,6311,4424,2983,2572,3243,33361
東京都,1302,区南部,時々,14728,16452,15610,11417,7737,5329,6398,77671,11511,13196,12261,9183,6679,5983,8696,67509
東京都,1302,区南部,ほとんど摂取しない,7464,9169,9986,8571,5963,3677,3831,48661,3201,3759,3791,2890,2115,1768,2426,19950
東京都,1303,区西南部,毎日,4609,4518,3580,2793,1974,1347,1718,20539,9114,9745,8827,6475,4351,3476,4472,46460
東京都,1303,区西南部,時々,15801,16558,14892,12242,8460,5909,6844,80706,14821,16445,15239,12040,8962,7129,9728,84364
東京都,1303,区西南部,ほとんど摂取しない,8127,9298,9738,9049,6397,3875,3921,50405,4334,4895,4731,3879,2819,2208,2861,25727
東京都,1304,区西部,毎日,4715,4392,3565,2640,1673,1309,1664,19958,8028,8226,7592,5692,3875,3056,4031,40500
東京都,1304,区西部,時々,15635,15965,14166,11073,7953,5807,6456,77055,13000,14357,13437,10831,8213,6626,8901,75365
東京都,1304,区西部,ほとんど摂取しない,7703,8838,9194,8254,6076,3891,3931,47887,3834,4354,4113,3477,2729,2114,2720,23341
東京都,1305,区西北部,毎日,7062,6594,5458,3844,2579,2063,2538,30138,10968,12036,11310,8343,6080,5074,6377,60188
東京都,1305,区西北部,時々,23000,24540,22268,17528,13386,10339,12164,123225,18331,20965,20603,17501,14196,12726,17273,121595
東京都,1305,区西北部,ほとんど摂取しない,10431,12880,13899,12514,10048,6884,7159,73815,4488,5457,5674,5038,4304,3639,4772,33372
東京都,1306,区東北部,毎日,4084,4342,3685,2500,1693,1409,1885,19598,6325,7161,6920,5259,3758,3336,4324,37083
東京都,1306,区東北部,時々,14150,16546,15342,11625,8732,7551,9837,83783,11060,13362,13679,11500,9282,9084,13643,81610
東京都,1306,区東北部,ほとんど摂取しない,6408,8603,9398,8373,6526,4951,5756,50015,2702,3428,3613,3349,2754,2670,3745,22261
東京都,1307,区東部,毎日,5482,5893,4833,3391,1924,1336,1653,24512,8567,9566,9066,6032,3771,3106,4006,44114
東京都,1307,区東部,時々,19237,21890,21060,15377,9857,7086,8297,102804,14469,17010,16860,12381,8752,7821,11314,88607
東京都,1307,区東部,ほとんど摂取しない,9115,11883,13600,11241,7569,4704,4627,62739,3847,4667,4802,3746,2810,2101,2954,24927
東京都,1308,西多摩,毎日,1226,1297,1311,925,611,616,848,6834,1702,2183,2161,1777,1423,1437,2028,12711
東京都,1308,西多摩,時々,3681,4782,4821,3826,3131,3120,4522,27883,2585,3435,3936,3368,3109,3620,5511,25564
東京都,1308,西多摩,ほとんど摂取しない,1391,1969,2453,2261,2021,1809,2174,14078,514,770,822,772,710,818,1297,5703
東京都,1309,南多摩,毎日,4853,5273,4960,3377,2159,1844,2621,25087,7417,8944,9001,6653,4789,4506,6340,47650
東京都,1309,南多摩,時々,15008,18139,18356,14418,10387,8811,12177,97296,10851,13875,14801,12142,10094,10542,15964,88269
東京都,1309,南多摩,ほとんど摂取しない,5828,8151,9885,9092,6990,5532,6896,52374,2396,3173,3438,3107,2721,2790,4599,22224
東京都,1310,北多摩西部,毎日,2385,2442,2133,1545,1037,811,1080,11433,3613,4124,4087,3097,2214,1924,2661,21720
東京都,1310,北多摩西部,時々,7396,8637,8347,6947,5035,4146,5230,45738,5255,6413,6786,5811,4634,4666,7026,40591
東京都,1310,北多摩西部,ほとんど摂取しない,3073,4100,4557,4421,3485,2510,3021,25167,1190,1514,1616,1537,1299,1219,1881,10256
東京都,1311,北多摩南部,毎日,3990,3772,3243,2513,1625,1281,1753,18177,6794,7342,7035,5137,3687,3217,4038,37250
東京都,1311,北多摩南部,時々,12386,13437,12877,10417,7460,5840,7606,70023,9952,11173,11390,9618,7562,7002,9952,66649
東京都,1311,北多摩南部,ほとんど摂取しない,5505,6542,7424,7225,5404,3842,4352,40294,2249,2873,3008,2686,2185,1966,2818,17785
東京都,1312,北多摩北部,毎日,2554,2672,2304,1734,1158,954,1256,12632,4172,4649,4597,3752,2780,2418,3291,25659
東京都,1312,北多摩北部,時々,8168,9298,8890,7501,5706,4742,6108,50413,5922,7226,7794,6859,5677,5561,7996,47035
東京都,1312,北多摩北部,ほとんど摂取しない,3302,4224,5139,4977,3996,2945,3380,27963,1351,1746,1915,1777,1521,1537,2246,12093
東京都,1313,島しょ,毎日,52,48,50,36,42,56,38,322,118,97,86,72,93,119,99,684
東京都,1313,島しょ,時々,200,242,239,188,172,169,226,1436,170,207,193,138,160,177,246,1291
東京都,1313,島しょ,ほとんど摂取しない,104,128,130,163,102,123,142,892,49,58,78,53,54,51,77,420
神奈川県,1404,川崎北部,毎日,3376,3418,3063,2184,1224,870,1039,15174,5169,5662,5597,3979,2474,1911,2131,26923
神奈川県,1404,川崎北部,時々,10232,11425,11101,8826,5709,3840,4025,55158,7316,8538,8859,7040,5041,3648,4871,45313
神奈川県,1404,川崎北部,ほとんど摂取しない,4246,5393,6278,5838,3955,2358,2229,30297,1684,2044,2092,1792,1321,982,1265,11180
神奈川県,1405,川崎南部,毎日,3122,3065,2426,1519,957,622,617,12328,4044,4180,3633,2451,1591,1080,1278,18257
神奈川県,1405,川崎南部,時々,9132,10221,9021,6505,4219,2823,2692,44613,6313,6849,6288,4757,3271,2468,2889,32835
神奈川県,1405,川崎南部,ほとんど摂取しない,3939,5020,5147,4284,3093,1779,1520,24782,1434,1641,1673,1354,856,648,830,8436
神奈川県,1406,横須賀・三浦,毎日,1916,2409,2278,1692,1211,923,1096,11525,2862,3726,3841,2885,1982,1683,2050,19029
神奈川県,1406,横須賀・三浦,時々,5872,8018,8242,6786,5531,4300,5382,44131,4361,5972,6528,5365,4545,4554,6582,37907
神奈川県,1406,横須賀・三浦,ほとんど摂取しない,2096,3294,4131,3995,3144,2065,2107,20832,902,1328,1507,1288,1031,815,1092,7963
神奈川県,1407,湘南東部,毎日,2538,2660,2432,1802,1110,817,1224,12583,3719,4463,4154,3121,2126,1892,2908,22383
神奈川県,1407,湘南東部,時々,8158,9948,9796,7609,5274,3830,5241,49856,5694,6985,7181,5675,4429,4348,7206,41518
神奈川県,1407,湘南東部,ほとんど摂取しない,3180,4468,5139,4767,3582,2235,2700,26071,1194,1637,1665,1390,1171,1088,1753,9898
神奈川県,1408,湘南西部,毎日,1890,2110,1905,1356,934,751,1097,10043,2619,3205,3053,2292,1734,1678,2254,16835
神奈川県,1408,湘南西部,時々,5912,7214,7024,5692,4361,3627,4825,38655,3828,4956,5138,4316,3678,3841,5980,31737
神奈川県,1408,湘南西部,ほとんど摂取しない,2151,2952,3465,3371,2752,2118,2503,19312,754,1089,1129,1043,869,907,1484,7275
神奈川県,1409,県央,毎日,3190,3398,2985,2090,1268,988,1374,15293,3884,4823,4572,3152,2140,2114,3189,23874
神奈川県,1409,県央,時々,9780,12052,11540,9054,6297,4665,6301,59689,5875,7749,7817,6333,5048,5020,8376,46218
神奈川県,1409,県央,ほとんど摂取しない,3590,4957,5880,5115,3998,2742,3257,29539,1145,1617,1792,1560,1300,1188,2065,10667
神奈川県,1410,相模原,毎日,2464,2721,2473,1739,1069,804,1006,12276,3286,3864,3744,2799,1902,1595,2129,19319
神奈川県,1410,相模原,時々,7907,9362,9262,7154,5014,3678,4413,46790,4930,6263,6530,5482,4126,3602,5263,36196
神奈川県,1410,相模原,ほとんど摂取しない,2801,3951,4452,4251,3237,2183,2217,23092,1127,1401,1542,1323,1127,963,1366,8849
神奈川県,1411,県西,毎日,1084,1125,1062,781,545,414,533,5544,1332,1572,1627,1149,952,858,1196,8686
神奈川県,1411,県西,時々,3696,4564,4388,3747,2652,1952,2532,23531,2118,2836,2944,2424,2078,2157,3166,17723
神奈川県,1411,県西,ほとんど摂取しない,1213,1722,2142,2153,1700,1131,1340,11401,412,610,687,607,555,571,868,4310
神奈川県,1412,横浜,毎日,13465,14071,12664,9171,5716,3959,4561,63607,20162,23593,23634,16945,10961,8306,9463,113064
神奈川県,1412,横浜,時々,42487,50262,50664,39907,27623,18731,19830,249504,29018,36405,38373,30842,22583,17448,21826,196495
神奈川県,1412,横浜,ほとんど摂取しない,16969,24034,28428,26050,19339,11766,10819,137405,6512,8561,9403,7939,6030,4562,5688,48695
新潟県,1501,下越,毎日,567,610,553,481,401,413,468,3493,1059,1197,1225,1162,1131,1134,1187,8095
新潟県,1501,下越,時々,2205,2349,2294,2069,1890,1953,2270,15030,1545,1906,1911,1770,1865,2176,2656,13829
新潟県,1501,下越,ほとんど摂取しない,1031,1385,1453,1523,1555,1374,1550,9871,378,525,538,466,455,614,785,3761
新潟県,1502,新潟,毎日,2882,3070,2592,2023,1565,1367,1588,15087,4701,5487,4964,4255,3632,3441,3962,30442
新潟県,1502,新潟,時々,10712,12170,10756,8935,7390,6703,7627,64293,7453,9143,8580,7742,6969,7199,9371,56457
新潟県,1502,新潟,ほとんど摂取しない,5112,7262,7217,6628,5950,4548,4472,41189,1872,2596,2369,2100,1902,1827,2493,15159
新潟県,1503,県央,毎日,718,713,718,575,487,467,431,4109,1168,1338,1327,1245,1069,1016,1027,8190
新潟県,1503,県央,時々,2558,3042,2728,2288,1987,1865,2030,16498,1742,2262,2265,2028,1903,2042,2232,14474
新潟県,1503,県央,ほとんど摂取しない,1196,1615,1698,1633,1515,1226,1211,10094,398,630,569,499,424,477,613,3610
新潟県,1504,中越,毎日,1445,1527,1289,1041,894,721,907,7824,2426,2755,2581,2294,2000,1897,2230,16183
新潟県,1504,中越,時々,5363,5958,5249,4523,3967,3638,4391,33089,3923,4839,4560,4194,4025,4237,5346,31124
新潟県,1504,中越,ほとんど摂取しない,2407,3161,3310,3201,3103,2459,2526,20167,919,1262,1143,1039,1049,1049,1355,7816
新潟県,1505,魚沼,毎日,436,462,380,385,335,346,442,2786,834,896,866,825,818,924,873,6036
新潟県,1505,魚沼,時々,1802,1863,1675,1542,1684,1813,2031,12410,1346,1557,1524,1473,1543,1826,2005,11274
新潟県,1505,魚沼,ほとんど摂取しない,842,1123,1171,1165,1260,1287,1273,8121,338,447,457,413,427,503,552,3137
新潟県,1506,上越,毎日,710,708,618,478,448,375,559,3896,1285,1487,1360,1213,1146,1119,1306,8916
新潟県,1506,上越,時々,3170,3610,3134,2853,2606,2511,2914,20798,2269,2921,2775,2639,2495,2599,3094,18792
新潟県,1506,上越,ほとんど摂取しない,1474,2045,2205,2125,2090,1672,1509,13120,463,736,687,607,543,542,647,4225
新潟県,1507,佐渡,毎日,133,121,125,118,120,119,155,891,250,264,264,249,264,270,302,1863
新潟県,1507,佐渡,時々,535,560,585,595,605,584,760,4224,378,445,464,465,576,625,786,3739
新潟県,1507,佐渡,ほとんど摂取しない,233,298,354,331,380,372,389,2357,82,122,99,112,139,136,200,890
富山県,1601,新川,毎日,384,416,374,248,194,176,157,1949,643,839,756,678,496,391,431,4234
富山県,1601,新川,時々,1375,1663,1539,1226,1134,845,931,8713,905,1255,1264,1130,961,942,1234,7691
富山県,1601,新川,ほとんど摂取しない,509,784,825,784,710,591,530,4733,185,234,244,237,229,199,301,1629
富山県,1602,富山,毎日,1656,1892,1491,1058,656,470,362,7585,2625,3098,2763,1986,1419,774,589,13254
富山県,1602,富山,時々,6262,7689,6921,5147,3827,2545,2029,34420,3976,5127,4941,4017,2966,1974,1540,24541
富山県,1602,富山,ほとんど摂取しない,2280,3389,3667,3151,2805,1675,1164,18131,740,1107,1045,892,746,486,422,5438
富山県,1603,高岡,毎日,1185,1306,1028,756,573,504,773,6125,1697,2091,2063,1614,1435,1529,2040,12469
富山県,1603,高岡,時々,3726,4819,4250,3364,2705,2543,3511,24918,2195,3201,3202,2716,2529,2891,4789,21523
富山県,1603,高岡,ほとんど摂取しない,1275,1934,2070,1827,1614,1406,1745,11871,420,611,580,477,509,554,939,4090
富山県,1604,砺波,毎日,425,484,355,282,246,216,255,2263,706,864,740,647,596,554,618,4725
富山県,1604,砺波,時々,1276,1710,1408,1210,1087,1017,1273,8981,876,1176,1122,1054,990,1100,1486,7804
富山県,1604,砺波,ほとんど摂取しない,491,640,709,698,684,471,570,4263,125,186,223,177,194,172,282,1359
石川県,1701,南加賀,毎日,759,821,601,495,387,340,449,3852,1227,1503,1329,1149,928,868,1092,8096
石川県,1701,南加賀,時々,2348,3115,2596,2046,1573,1389,1947,15014,1650,2260,2235,1888,1689,1698,2625,14045
石川県,1701,南加賀,ほとんど摂取しない,1009,1546,1532,1376,1251,910,1088,8712,381,582,586,542,465,448,629,3633
石川県,1702,石川中央,毎日,2727,2892,2432,1677,1280,1126,1450,13584,4488,5348,4716,3574,2906,2562,3200,26794
石川県,1702,石川中央,時々,8284,10311,9008,6725,5370,4226,5027,48951,5859,7614,7267,5997,5279,4710,6436,43162
石川県,1702,石川中央,ほとんど摂取しない,3389,4869,4952,4375,3699,2780,3010,27074,1266,1779,1659,1499,1315,1309,2079,10906
石川県,1703,能登中部,毎日,436,526,405,363,324,310,367,2731,659,920,897,810,709,661,732,5388
石川県,1703,能登中部,時々,979,1259,1129,997,930,995,1374,7663,663,933,849,802,934,1299,1798,7278
石川県,1703,能登中部,ほとんど摂取しない,487,733,747,699,667,602,707,4642,221,348,300,320,304,288,430,2211
石川県,1704,能登北部,毎日,113,129,113,148,124,153,187,967,239,296,315,317,305,299,385,2156
石川県,1704,能登北部,時々,420,539,498,496,551,604,851,3959,316,416,480,471,588,726,1077,4074
石川県,1704,能登北部,ほとんど摂取しない,166,317,330,344,371,354,415,2297,81,109,114,108,142,170,241,965
福井県,1801,福井・坂井,毎日,1260,1381,1071,847,626,410,380,5975,2030,2333,2235,1921,1370,919,723,11531
福井県,1801,福井・坂井,時々,4561,5430,4734,4022,3238,2186,1748,25919,2931,3790,3749,3142,2698,1704,1548,19562
福井県,1801,福井・坂井,ほとんど摂取しない,1855,2459,2735,2351,2123,1345,1060,13928,618,911,841,757,575,469,407,4578
福井県,1802,奥越,毎日,151,166,146,127,106,86,103,885,256,303,294,307,262,257,215,1894
福井県,1802,奥越,時々,617,691,596,515,528,545,506,3998,476,517,558,565,555,557,613,3841
福井県,1802,奥越,ほとんど摂取しない,225,301,291,325,311,265,263,1981,95,111,101,96,109,106,128,746
福井県,1803,丹南,毎日,642,608,505,397,297,242,274,2965,1069,1211,1090,929,776,522,540,6137
福井県,1803,丹南,時々,2364,2774,2234,1895,1446,1048,1048,12809,1472,1795,1739,1519,1340,1093,1252,10210
福井県,1803,丹南,ほとんど摂取しない,861,1095,1171,1022,946,576,509,6180,288,336,395,303,246,210,305,2083
福井県,1804,嶺南,毎日,406,414,357,275,224,194,206,2076,602,738,687,600,510,517,513,4167
福井県,1804,嶺南,時々,1445,1606,1480,1275,1142,1052,1110,9110,805,1108,1011,985,907,990,1296,7102
福井県,1804,嶺南,ほとんど摂取しない,504,740,778,807,785,567,550,4731,140,217,233,203,202,207,279,1481
山梨県,1901,中北,毎日,1321,1329,1192,929,725,818,1078,7392,2250,2565,2492,2106,1848,1983,2189,15433
山梨県,1901,中北,時々,5212,6133,5668,4689,3869,3697,4047,33315,3900,5087,4990,4573,4241,4341,4943,32075
山梨県,1901,中北,ほとんど摂取しない,2144,2941,3370,3334,2740,2162,1969,18660,846,1274,1273,1219,1094,944,1131,7781
山梨県,1902,峡東,毎日,341,336,321,266,250,275,359,2148,540,668,684,594,557,603,667,4313
山梨県,1902,峡東,時々,1322,1613,1636,1337,1221,1220,1412,9761,1100,1371,1496,1414,1294,1381,1480,9536
山梨県,1902,峡東,ほとんど摂取しない,493,813,893,874,784,597,574,5028,232,352,372,326,294,311,317,2204
山梨県,1903,峡南,毎日,122,138,113,102,98,127,166,866,196,233,271,263,227,301,327,1818
山梨県,1903,峡南,時々,483,538,574,543,591,607,732,4068,322,483,491,540,602,686,861,3985
山梨県,1903,峡南,ほとんど摂取しない,166,264,316,363,366,357,346,2178,72,116,125,136,154,141,167,911
山梨県,1904,富士・東部,毎日,381,408,420,321,261,243,254,2288,600,716,830,734,633,524,473,4510
山梨県,1904,富士・東部,時々,1733,1942,2100,1953,1680,1368,1268,12044,1147,1448,1744,1750,1473,1282,1275,10119
山梨県,1904,富士・東部,ほとんど摂取しない,633,886,1122,1270,1045,762,653,6371,237,352,384,407,383,295,279,2337
長野県,2001,佐久,毎日,590,579,504,450,341,308,341,3113,884,946,944,860,743,610,629,5616
長野県,2001,佐久,時々,2005,2243,2106,1832,1648,1435,1587,12856,1476,1702,1762,1603,1536,1517,1675,11271
長野県,2001,佐久,ほとんど摂取しない,965,1235,1322,1271,1216,932,944,7885,364,488,497,459,413,385,468,3074
長野県,2002,上小,毎日,524,550,475,357,269,280,301,2756,741,869,840,719,628,540,584,4921
長野県,2002,上小,時々,1836,2214,2042,1650,1371,1175,1295,11583,1210,1606,1664,1522,1393,1384,1735,10514
長野県,2002,上小,ほとんど摂取しない,827,1254,1282,1194,1057,826,827,7267,267,449,449,398,417,384,545,2909
長野県,2003,諏訪,毎日,699,838,745,501,367,369,459,3978,981,1312,1145,929,746,741,881,6735
長野県,2003,諏訪,時々,2035,2486,2394,1917,1496,1334,1755,13417,1429,1958,1948,1640,1507,1469,2209,12160
長野県,2003,諏訪,ほとんど摂取しない,772,1200,1263,1102,948,771,858,6914,296,515,542,424,420,395,587,3179
長野県,2004,上伊那,毎日,661,806,635,520,447,393,433,3895,1025,1307,1249,1055,854,758,912,7160
長野県,2004,上伊那,時々,2245,2669,2412,1919,1720,1431,1775,14171,1471,1886,1837,1618,1528,1569,2029,11938
長野県,2004,上伊那,ほとんど摂取しない,841,1217,1255,1190,1087,809,768,7167,351,492,490,417,400,335,412,2897
長野県,2005,飯伊,毎日,542,550,503,403,332,310,379,3019,816,941,897,867,780,698,679,5678
長野県,2005,飯伊,時々,1697,2016,1786,1547,1257,1208,1146,10657,1108,1409,1386,1276,1212,1128,1113,8632
長野県,2005,飯伊,ほとんど摂取しない,653,797,944,927,805,633,515,5274,200,308,304,346,298,244,266,1966
長野県,2006,木曽,毎日,62,68,67,81,67,81,89,515,111,108,128,119,135,130,159,890
長野県,2006,木曽,時々,230,304,282,287,242,264,349,1958,161,162,194,231,230,245,349,1572
長野県,2006,木曽,ほとんど摂取しない,79,132,157,192,165,194,203,1122,27,39,49,41,59,60,99,374
長野県,2007,松本,毎日,1455,1575,1357,1080,799,713,676,7655,2062,2505,2473,1868,1486,1176,1196,12766
長野県,2007,松本,時々,4781,5592,5152,3961,3023,2325,2486,27320,3018,3942,3906,3383,2928,2492,2804,22473
長野県,2007,松本,ほとんど摂取しない,2015,3008,3167,2871,2195,1558,1362,16176,708,1022,1042,936,760,625,740,5833
長野県,2008,大北,毎日,153,175,148,130,104,122,178,1010,253,336,325,288,241,226,291,1960
長野県,2008,大北,時々,574,676,671,627,554,512,663,4277,372,534,558,573,532,518,726,3813
長野県,2008,大北,ほとんど摂取しない,244,390,415,400,351,299,325,2424,81,132,143,152,139,128,140,915
長野県,2009,長野,毎日,1560,1626,1450,1040,851,735,837,8099,2430,2943,2784,2249,1731,1588,1814,15539
長野県,2009,長野,時々,6367,7535,6940,5595,4587,3866,4685,39575,4307,5820,5864,5270,4561,4611,6231,36664
長野県,2009,長野,ほとんど摂取しない,2668,3852,4330,3942,3453,2551,2588,23384,885,1307,1420,1259,1134,1140,1657,8802
長野県,2010,北信,毎日,221,256,198,184,146,148,166,1319,398,433,413,459,398,321,312,2734
長野県,2010,北信,時々,854,992,926,898,804,745,826,6045,617,820,807,836,758,743,830,5411
長野県,2010,北信,ほとんど摂取しない,369,480,569,556,512,431,421,3338,161,223,193,152,176,161,205,1271
岐阜県,2101,岐阜,毎日,2769,2912,2490,1773,1245,950,1049,13188,3841,4772,4614,3486,2637,2018,2106,23474
岐阜県,2101,岐阜,時々,8867,10902,10092,7736,5830,4258,4344,52029,5378,7028,7190,5858,4675,3921,4903,38953
岐阜県,2101,岐阜,ほとんど摂取しない,2904,4275,4754,4282,3449,2346,2287,24297,913,1402,1462,1237,1034,889,1231,8168
岐阜県,2102,西濃,毎日,1243,1357,1171,851,730,652,756,6760,1801,2225,2081,1871,1598,1405,1678,12659
岐阜県,2102,西濃,時々,4218,5163,4821,3828,3204,2749,3186,27169,2430,3254,3302,2906,2794,2934,3872,21492
岐阜県,2102,西濃,ほとんど摂取しない,1364,1979,2088,2035,1780,1449,1570,12265,433,610,608,567,575,558,850,4201
岐阜県,2103,中濃,毎日,1208,1253,985,807,605,689,853,6400,1671,1954,1980,1702,1650,1645,1740,12342
岐阜県,2103,中濃,時々,4381,5202,4640,3606,3370,3067,3588,27854,2429,3214,3188,2936,2933,3051,3656,21407
岐阜県,2103,中濃,ほとんど摂取しない,1328,1976,2118,1954,1899,1580,1683,12538,446,644,632,612,581,629,786,4330
岐阜県,2104,東濃,毎日,1018,1058,907,688,586,539,631,5427,1500,1833,1830,1567,1542,1393,1634,11299
岐阜県,2104,東濃,時々,3915,4852,4433,3760,3102,2657,2934,25653,2337,3143,3305,3110,2870,2691,3519,20975
岐阜県,2104,東濃,ほとんど摂取しない,1206,1744,2018,2071,1819,1510,1435,11803,400,546,601,593,579,572,754,4045
岐阜県,2105,飛騨,毎日,377,378,359,284,215,130,153,1896,662,853,807,667,546,371,340,4246
岐阜県,2105,飛騨,時々,1549,1883,1670,1432,1205,810,731,9280,1052,1337,1400,1342,1015,762,710,7618
岐阜県,2105,飛騨,ほとんど摂取しない,513,760,835,825,739,409,365,4446,166,260,257,233,195,149,166,1426
静岡県,2201,賀茂,毎日,105,124,156,111,89,88,120,793,175,231,269,189,194,220,288,1566
静岡県,2201,賀茂,時々,384,548,603,502,487,474,562,3560,266,382,420,446,428,529,737,3208
静岡県,2201,賀茂,ほとんど摂取しない,164,236,308,316,258,257,304,1843,45,101,103,76,92,112,162,691
静岡県,2202,熱海伊東,毎日,169,210,219,194,175,161,286,1414,275,388,418,335,331,365,614,2726
静岡県,2202,熱海伊東,時々,558,866,883,784,719,729,1125,5664,481,664,837,790,788,925,1672,6157
静岡県,2202,熱海伊東,ほとんど摂取しない,196,370,499,456,512,429,624,3086,94,167,192,214,227,271,484,1649
静岡県,2203,駿東田方,毎日,2185,2346,2033,1467,1042,738,685,10496,2873,3537,3342,2602,1856,1395,1508,17113
静岡県,2203,駿東田方,時々,7206,8766,8255,6701,5272,3909,3952,44061,4548,6036,6164,5439,4601,4086,4883,35757
静岡県,2203,駿東田方,ほとんど摂取しない,2510,3559,4088,3821,3184,2223,2199,21584,951,1310,1430,1291,1114,1039,1342,8477
静岡県,2204,富士,毎日,1327,1356,1215,830,653,388,359,6128,1582,1915,1931,1538,1063,699,648,9376
静岡県,2204,富士,時々,4791,5672,5376,4491,3378,2365,2332,28405,2861,3872,4001,3485,2827,2339,2568,21953
静岡県,2204,富士,ほとんど摂取しない,1802,2484,2817,2510,2089,1467,1238,14407,628,869,949,874,744,612,726,5402
静岡県,2205,静岡,毎日,2063,2309,1953,1553,1088,810,911,10687,3176,3863,3535,2815,2251,1722,1860,19222
静岡県,2205,静岡,時々,7796,9765,9352,7363,5802,4825,5410,50313,5562,7185,7729,6538,5584,5116,6369,44083
静岡県,2205,静岡,ほとんど摂取しない,3126,4548,5422,4827,4404,3128,3497,28952,1254,1731,1959,1718,1483,1327,1870,11342
静岡県,2206,志太榛原,毎日,1696,1824,1442,1095,894,624,656,8231,2206,2538,2341,1825,1525,1254,1105,12794
静岡県,2206,志太榛原,時々,5216,6075,5571,4609,3899,3176,3407,31953,3550,4486,4381,4051,3767,3294,3984,27513
静岡県,2206,志太榛原,ほとんど摂取しない,1897,2756,2914,2750,2630,1923,1867,16737,805,1018,1001,907,920,813,1156,6620
静岡県,2207,中東遠,毎日,1829,1826,1363,1043,833,664,670,8228,2366,2578,2321,1836,1686,1401,1217,13405
静岡県,2207,中東遠,時々,6408,6982,6017,4895,4227,3582,3824,35935,4062,4905,4485,4015,4080,3958,4579,30084
静岡県,2207,中東遠,ほとんど摂取しない,2217,2948,2869,2707,2663,1949,2053,17406,797,969,967,845,922,892,1168,6560
静岡県,2208,西部,毎日,3318,3350,2798,2247,1596,1258,1260,15827,4545,5122,4871,3684,3088,2317,2302,25929
静岡県,2208,西部,時々,11292,12780,11976,9551,7689,5963,6454,65705,7271,9146,9612,7869,6956,6338,7420,54612
静岡県,2208,西部,ほとんど摂取しない,3844,5378,5950,5398,4869,3425,3673,32537,1401,2010,2031,1794,1631,1506,2094,12467
愛知県,2302,海部,毎日,1111,1320,1134,783,560,469,747,6124,1424,1929,1833,1457,1243,1186,1676,10748
愛知県,2302,海部,時々,3371,4659,4567,3268,2343,2074,2773,23055,1948,2858,2972,2301,1892,2084,3694,17749
愛知県,2302,海部,ほとんど摂取しない,1174,1852,2064,1801,1374,963,1132,10360,388,542,572,484,450,392,699,3527
愛知県,2304,尾張東部,毎日,1787,1994,1619,1043,733,672,1001,8849,2689,3194,3043,2174,1633,1665,2391,16789
愛知県,2304,尾張東部,時々,6130,7154,6786,4996,3616,2692,3735,35109,3798,4614,4662,3668,3024,2995,4618,27379
愛知県,2304,尾張東部,ほとんど摂取しない,2033,2809,3190,2739,2213,1479,1741,16204,670,841,902,776,652,614,1001,5456
愛知県,2305,尾張西部,毎日,1852,2120,1862,1394,980,906,1305,10419,2734,3610,3430,2736,2127,2196,3042,19875
愛知県,2305,尾張西部,時々,5735,7621,7257,5556,4107,3547,4880,38703,3720,5011,5315,4350,3663,3766,6158,31983
愛知県,2305,尾張西部,ほとんど摂取しない,1812,2778,3165,2849,2143,1752,2057,16556,646,972,1073,932,829,848,1256,6556
愛知県,2306,尾張北部,毎日,2557,2895,2428,1673,1099,982,1332,12966,3480,4519,4294,3056,2322,2303,3281,23255
愛知県,2306,尾張北部,時々,8148,10392,9818,7089,5065,4193,5436,50141,4783,6528,6710,5145,4202,4631,7027,39026
愛知県,2306,尾張北部,ほとんど摂取しない,2804,4208,4721,4077,3091,2326,2790,24017,922,1304,1376,1118,980,957,1592,8249
愛知県,2307,知多半島,毎日,2289,2482,2028,1448,1059,960,1385,11651,3707,4279,3964,3017,2477,2320,3167,22931
愛知県,2307,知多半島,時々,7916,9662,8729,6539,4994,4199,5498,47537,4778,6221,6149,5089,4361,4584,6683,37865
愛知県,2307,知多半島,ほとんど摂取しない,2530,3705,3963,3661,2828,2156,2518,21361,802,1144,1220,1070,917,861,1361,7375
愛知県,2308,西三河北部,毎日,2102,2058,1735,1242,800,546,741,9224,2900,3353,3188,2182,1620,1434,1687,16364
愛知県,2308,西三河北部,時々,7262,7906,7648,5845,4160,2756,3412,38989,3843,4821,4825,3742,2995,2810,3930,26966
愛知県,2308,西三河北部,ほとんど摂取しない,2385,3095,3513,3265,2663,1462,1659,18042,642,885,906,733,583,631,872,5252
愛知県,2309,西三河南部西,毎日,2623,2585,2218,1514,1082,976,1388,12386,3963,4427,4304,3365,2405,2291,2691,23446
愛知県,2309,西三河南部西,時々,8292,9493,8742,6581,4986,4168,5248,47510,5167,6429,6556,5577,4192,4141,5643,37705
愛知県,2309,西三河南部西,ほとんど摂取しない,2673,3505,4111,3577,2919,1992,2176,20953,881,1196,1275,1054,864,816,1106,7192
愛知県,2310,西三河南部東,毎日,1573,1518,1367,891,685,707,1065,7806,2527,2799,2628,2099,1767,1784,2052,15656
愛知県,2310,西三河南部東,時々,5289,6014,5316,4119,3256,3146,3920,31060,3482,4259,4104,3528,3252,3249,4503,26377
愛知県,2310,西三河南部東,ほとんど摂取しない,1742,2234,2488,2171,1996,1667,2046,14344,629,761,767,724,658,781,1245,5565
愛知県,2311,東三河北部,毎日,166,143,129,107,91,95,120,851,194,228,233,228,241,278,291,1693
愛知県,2311,東三河北部,時々,573,671,592,523,515,526,747,4147,305,434,391,408,507,581,829,3455
愛知県,2311,東三河北部,ほとんど摂取しない,186,236,266,267,287,271,298,1811,49,66,57,64,92,99,179,606
愛知県,2312,東三河南部,毎日,2394,2456,2071,1501,1201,1006,1136,11765,3149,3832,3673,2941,2526,2179,2464,20764
愛知県,2312,東三河南部,時々,7634,9095,8524,6532,5209,4208,4896,46098,4462,5703,5817,5050,4609,4463,6180,36284
愛知県,2312,東三河南部,ほとんど摂取しない,2266,3225,3595,3374,2966,2199,2449,20074,736,966,1077,971,926,941,1500,7117
愛知県,2313,名古屋・尾張中部,毎日,8385,8494,7241,5214,3569,3034,3808,39745,12974,14600,13809,10520,7703,6616,8245,74467
愛知県,2313,名古屋・尾張中部,時々,29489,33548,31371,23739,17632,12835,14742,163356,18144,21896,22296,17933,14153,12230,16489,123141
愛知県,2313,名古屋・尾張中部,ほとんど摂取しない,11168,14658,16745,14900,11139,7130,6907,82647,3669,4702,4889,4341,3470,2751,3701,27523
三重県,2401,北勢,毎日,2684,2926,2604,1876,1402,1194,1713,14399,4210,5113,5026,3945,3076,3084,3904,28358
三重県,2401,北勢,時々,9907,12188,11540,8920,6931,5838,7656,62980,6168,8256,8440,7089,6177,6413,9509,52052
三重県,2401,北勢,ほとんど摂取しない,3629,5311,5939,5345,4458,3289,3829,31800,1214,1677,1747,1592,1389,1450,2425,11494
三重県,2402,中勢伊賀,毎日,1341,1431,1312,930,772,734,913,7433,1961,2369,2255,1949,1778,1837,2147,14296
三重県,2402,中勢伊賀,時々,4747,5462,5039,4076,3690,3355,3911,30280,3096,3810,3862,3393,3474,3447,4812,25894
三重県,2402,中勢伊賀,ほとんど摂取しない,1760,2470,2633,2422,2330,1868,2105,15588,599,812,827,749,773,924,1289,5973
三重県,2403,南勢志摩,毎日,1090,1291,1104,881,777,789,1023,6955,1904,2349,2275,1992,1932,1975,2407,14834
三重県,2403,南勢志摩,時々,4597,5556,5140,4540,3887,3649,4663,32032,2962,4104,4187,3976,3818,4390,5975,29412
三重県,2403,南勢志摩,ほとんど摂取しない,1597,2244,2565,2462,2269,1945,2230,15312,575,811,870,765,750,958,1421,6150
三重県,2404,東紀州,毎日,138,161,142,120,120,146,202,1029,214,268,271,273,296,366,491,2179
三重県,2404,東紀州,時々,517,697,668,610,539,675,816,4522,321,426,473,493,604,670,1092,4079
三重県,2404,東紀州,ほとんど摂取しない,156,285,311,301,309,282,350,1994,42,88,89,106,81,143,232,781
滋賀県,2501,大津,毎日,1272,1375,1172,839,598,516,638,6410,2359,2638,2511,1837,1531,1177,1420,13473
滋賀県,2501,大津,時々,4042,4741,4277,3493,2798,2233,2625,24209,2978,3622,3630,3148,2655,2299,2982,21314
滋賀県,2501,大津,ほとんど摂取しない,1369,1962,2198,2088,1865,1386,1407,12275,544,708,765,738,668,523,801,4747
滋賀県,2502,湖南,毎日,1455,1576,1128,757,483,466,585,6450,2465,2752,2234,1566,1191,1091,1563,12862
滋賀県,2502,湖南,時々,4608,5020,4440,3301,2279,1867,2339,23854,3048,3664,3385,2483,2028,2021,2969,19598
滋賀県,2502,湖南,ほとんど摂取しない,1541,2161,2159,2005,1484,1068,1200,11618,596,710,653,523,466,464,668,4080
滋賀県,2503,甲賀,毎日,601,564,491,344,302,225,351,2878,803,876,810,745,709,658,759,5360
滋賀県,2503,甲賀,時々,1738,2042,1793,1478,1303,1208,1449,11011,1049,1301,1218,1174,1261,1257,1701,8961
滋賀県,2503,甲賀,ほとんど摂取しない,625,828,935,849,814,681,741,5473,203,273,267,230,262,246,379,1860
滋賀県,2504,東近江,毎日,807,802,663,500,389,353,471,3985,1339,1404,1237,1123,1035,994,1015,8147
滋賀県,2504,東近江,時々,2892,3066,2611,2179,1889,1669,1944,16250,1784,2094,2001,1868,1798,1706,2099,13350
滋賀県,2504,東近江,ほとんど摂取しない,982,1256,1281,1172,1160,842,826,7519,328,388,390,361,306,311,440,2524
滋賀県,2505,湖東,毎日,557,563,429,327,262,220,228,2586,900,936,832,683,663,556,586,5156
滋賀県,2505,湖東,時々,1855,2064,1764,1362,1150,957,1018,10170,1108,1426,1387,1219,1093,1042,1163,8438
滋賀県,2505,湖東,ほとんど摂取しない,660,882,869,754,739,565,530,4999,226,279,292,250,246,239,316,1848
滋賀県,2506,湖北,毎日,489,532,447,358,286,256,275,2643,843,943,950,843,688,645,616,5528
滋賀県,2506,湖北,時々,1844,2116,1893,1606,1337,1113,1205,11114,1217,1436,1493,1377,1310,1180,1292,9305
滋賀県,2506,湖北,ほとんど摂取しない,603,811,870,799,758,568,515,4924,231,286,271,265,252,230,260,1795
滋賀県,2507,湖西,毎日,113,130,120,115,120,70,96,764,224,239,278,301,270,176,196,1684
滋賀県,2507,湖西,時々,431,493,547,434,478,329,337,3049,317,405,438,414,394,338,421,2727
滋賀県,2507,湖西,ほとんど摂取しない,133,193,224,264,243,178,138,1373,48,73,77,102,81,69,63,513
京都府,2601,丹後,毎日,291,332,291,264,225,190,220,1813,435,569,596,538,516,412,489,3555
京都府,2601,丹後,時々,833,1115,1099,928,864,756,985,6580,601,859,908,896,856,895,1046,6061
京都府,2601,丹後,ほとんど摂取しない,299,496,552,612,574,505,467,3505,99,205,203,181,170,202,259,1319
京都府,2602,中丹,毎日,588,641,510,367,306,281,352,3045,810,1045,951,773,732,689,896,5896
京都府,2602,中丹,時々,1765,2223,2061,1685,1449,1305,1647,12135,1154,1619,1628,1408,1447,1317,2098,10671
京都府,2602,中丹,ほとんど摂取しない,638,987,965,975,961,797,947,6270,228,352,349,300,338,301,479,2347
京都府,2603,南丹,毎日,432,462,372,271,227,267,313,2344,641,799,765,649,664,550,668,4736
京都府,2603,南丹,時々,1307,1495,1339,1128,1072,1002,1247,8590,847,1065,1096,1051,1058,1024,1413,7554
京都府,2603,南丹,ほとんど摂取しない,431,604,684,686,689,568,628,4290,136,218,229,231,248,239,319,1620
京都府,2604,京都・乙訓,毎日,4882,5387,4481,3115,2217,1720,2194,23996,8246,9638,8848,6568,4569,3679,4817,46365
京都府,2604,京都・乙訓,時々,14576,17588,16682,12674,9974,7038,8281,86813,10673,12840,12910,10816,8550,7128,9451,72368
京都府,2604,京都・乙訓,ほとんど摂取しない,5747,7954,9005,8417,6883,4744,4884,47634,2281,3000,3156,2957,2407,1969,2700,18470
京都府,2605,山城北,毎日,1416,1642,1283,865,584,534,905,7229,2201,2753,2434,1784,1447,1553,2504,14676
京都府,2605,山城北,時々,4203,5593,5035,3654,2869,2594,3788,27736,2673,3643,3506,3048,2691,3046,5146,23753
京都府,2605,山城北,ほとんど摂取しない,1483,2278,2453,2311,1874,1538,1884,13821,485,756,801,736,663,729,1284,5454
京都府,2606,山城南,毎日,444,459,345,234,174,214,299,2169,719,871,710,560,468,479,659,4466
京都府,2606,山城南,時々,1277,1565,1390,1047,881,776,1040,7976,837,1036,1024,880,746,836,1170,6529
京都府,2606,山城南,ほとんど摂取しない,484,672,761,651,540,417,508,4033,143,211,189,196,176,167,305,1387
大阪府,2701,豊能,毎日,3276,3389,2944,1978,1318,1052,1502,15459,5632,6444,6090,4372,2881,2418,3250,31087
大阪府,2701,豊能,時々,10154,11873,11379,8515,6045,4382,5261,57609,6724,8483,8842,6848,5066,4413,6201,46577
大阪府,2701,豊能,ほとんど摂取しない,4390,6014,6776,5903,4444,2808,2982,33317,1475,2020,2221,1810,1347,1279,1757,11909
大阪府,2702,三島,毎日,2353,2576,2180,1425,975,819,1213,11541,4091,4744,4353,2992,2256,2053,2814,23303
大阪府,2702,三島,時々,7171,8893,8295,5826,4363,3352,4147,42047,4745,6203,6223,4516,3712,3420,4865,33684
大阪府,2702,三島,ほとんど摂取しない,2617,4036,4553,3713,2937,1960,2149,21965,800,1234,1341,1110,891,820,1237,7433
大阪府,2703,北河内,毎日,2924,3507,2881,1856,1333,730,648,13879,4440,5690,5382,3683,2169,1259,1185,23808
大阪府,2703,北河内,時々,9008,11671,11204,8463,5843,3514,2660,52363,5598,7725,8141,6186,4012,2468,2400,36530
大阪府,2703,北河内,ほとんど摂取しない,3403,5102,5969,5221,3914,2127,1534,27270,1167,1687,1853,1563,1110,663,627,8670
大阪府,2704,中河内,毎日,2204,2554,2275,1433,957,685,770,10878,2970,4028,3922,2973,1937,1479,1697,19006
大阪府,2704,中河内,時々,6297,8114,7964,5987,4212,2747,2883,38204,4038,5573,6067,4996,3715,2799,3580,30768
大阪府,2704,中河内,ほとんど摂取しない,2480,3639,4402,3897,2910,1674,1524,20526,834,1288,1431,1302,965,751,849,7420
大阪府,2705,南河内,毎日,1307,1622,1413,1062,896,761,848,7909,2110,2565,2776,2068,1613,1468,1812,14412
大阪府,2705,南河内,時々,3772,4935,5158,4219,3348,2688,3097,27217,2466,3588,3845,3378,2705,2468,3286,21736
大阪府,2705,南河内,ほとんど摂取しない,1441,2209,2644,2594,2262,1504,1424,14078,487,764,843,843,667,569,775,4948
大阪府,2706,堺市,毎日,2253,2680,2249,1432,1052,847,1258,11771,3799,4514,4243,2935,2131,2116,3140,22878
大阪府,2706,堺市,時々,6725,9111,8548,6039,4473,3484,4735,43115,4632,6386,6268,4986,3831,3892,6189,36184
大阪府,2706,堺市,ほとんど摂取しない,2686,4175,4768,4015,2991,2095,2363,23093,941,1407,1507,1254,970,985,1549,8613
大阪府,2707,泉州,毎日,2202,2555,2413,1639,1125,894,1119,11947,3415,4480,4269,3167,2231,1986,2328,21876
大阪府,2707,泉州,時々,6392,8814,8598,6501,4789,3553,3698,42345,4047,5751,6114,4750,3723,3235,3938,31558
大阪府,2707,泉州,ほとんど摂取しない,2516,3773,4508,3969,3144,2042,1901,21853,828,1202,1354,1169,847,708,944,7052
大阪府,2708,大阪市,毎日,8608,8889,7443,5028,3145,1970,1575,36658,14338,15605,14436,10455,6345,3336,2742,67257
大阪府,2708,大阪市,時々,27354,30823,29506,21578,14807,8666,6444,139178,21372,25155,25062,20045,13398,7029,5897,117958
大阪府,2708,大阪市,ほとんど摂取しない,11882,16172,18275,15394,11131,5743,3880,82477,5122,6511,6766,5908,3961,2087,1742,32097
兵庫県,2801,神戸,毎日,4513,4990,4292,3178,2421,2054,2930,24378,7828,9321,8699,6705,5587,5225,6794,50159
兵庫県,2801,神戸,時々,15016,18313,17637,13444,10999,8657,9978,94044,10378,13052,13320,11276,9439,8322,11140,76927
兵庫県,2801,神戸,ほとんど摂取しない,5888,8601,9760,9001,7562,5490,5530,51832,2264,3133,3165,2920,2546,2178,2893,19099
兵庫県,2804,東播磨,毎日,2235,2380,2006,1374,1000,871,1273,11139,3557,4143,3980,2822,2249,2178,2669,21598
兵庫県,2804,東播磨,時々,7582,8966,8282,6154,4708,3848,4418,43958,4290,5551,5624,4542,3675,3710,5036,32428
兵庫県,2804,東播磨,ほとんど摂取しない,2722,3846,4366,3780,3220,2412,2300,22646,799,1130,1110,1026,856,810,1150,6881
兵庫県,2805,北播磨,毎日,782,797,706,501,430,508,640,4364,1195,1446,1434,1188,1132,1157,1279,8831
兵庫県,2805,北播磨,時々,2417,2923,2756,2329,1976,1677,1854,15932,1445,1942,1932,1745,1587,1472,1872,11995
兵庫県,2805,北播磨,ほとんど摂取しない,848,1267,1354,1354,1147,893,919,7782,307,397,418,415,370,354,398,2659
兵庫県,2808,但馬,毎日,457,451,400,308,287,334,420,2657,727,868,868,849,827,874,1001,6014
兵庫県,2808,但馬,時々,1607,1958,1721,1488,1519,1386,1666,11345,1085,1483,1579,1502,1615,1586,1765,10615
兵庫県,2808,但馬,ほとんど摂取しない,611,903,958,960,1028,960,941,6361,221,323,334,325,322,368,407,2300
兵庫県,2809,丹波,毎日,271,280,245,192,181,181,227,1577,453,482,484,434,484,481,490,3308
兵庫県,2809,丹波,時々,959,1092,904,752,832,763,847,6149,588,744,746,784,813,770,855,5300
兵庫県,2809,丹波,ほとんど摂取しない,319,464,469,479,483,417,404,3035,100,143,165,147,163,124,171,1013
兵庫県,2810,淡路,毎日,330,365,313,252,271,325,470,2326,589,723,675,569,724,837,958,5075
兵庫県,2810,淡路,時々,1021,1254,1146,1007,1022,1036,1144,7630,817,957,941,905,967,991,1188,6766
兵庫県,2810,淡路,ほとんど摂取しない,388,525,568,605,571,495,484,3636,133,177,169,174,198,173,232,1256
兵庫県,2811,阪神,毎日,4511,5190,4461,3298,2244,1719,2206,23629,8190,10099,9657,6789,4796,3956,4926,48413
兵庫県,2811,阪神,時々,14559,18415,18423,14125,10143,7288,8259,91212,10063,13258,13916,11180,8411,6872,9049,72749
兵庫県,2811,阪神,ほとんど摂取しない,5714,8547,10122,9052,7125,4580,4492,49632,2010,2882,3225,2761,2202,1785,2522,17387
兵庫県,2812,播磨姫路,毎日,2216,2405,1937,1416,1173,1138,1672,11957,3701,4732,4194,3475,2936,3279,4136,26453
兵庫県,2812,播磨姫路,時々,7958,9698,8592,7044,5795,5083,6307,50477,4702,6310,6097,5423,4962,5128,7468,40090
兵庫県,2812,播磨姫路,ほとんど摂取しない,2949,4260,4567,4294,3656,2834,3089,25649,884,1269,1403,1173,1056,1184,1798,8767
奈良県,2901,奈良,毎日,901,1016,853,650,487,373,514,4794,1763,2040,2137,1607,1165,954,1114,10780
奈良県,2901,奈良,時々,2753,3434,3470,2815,2262,1736,1684,18154,2082,2820,2940,2445,1861,1577,1794,15519
奈良県,2901,奈良,ほとんど摂取しない,1023,1560,1919,1834,1581,983,851,9751,371,572,631,582,458,394,427,3435
奈良県,2902,東和,毎日,422,565,447,368,323,325,489,2939,838,927,902,763,750,760,1000,5940
奈良県,2902,東和,時々,1434,1815,1755,1485,1283,1197,1452,10421,1038,1340,1457,1356,1214,1253,1665,9323
奈良県,2902,東和,ほとんど摂取しない,517,748,902,880,790,639,665,5141,212,276,312,290,270,243,352,1955
奈良県,2903,西和,毎日,945,1113,917,686,505,521,796,5483,1678,2089,1960,1466,1184,1323,2052,11752
奈良県,2903,西和,時々,2911,3663,3636,2701,2115,1905,2671,19602,1987,2641,2657,2243,1959,2133,3291,16911
奈良県,2903,西和,ほとんど摂取しない,1043,1623,1798,1688,1474,1011,1192,9829,388,514,534,520,463,485,748,3652
奈良県,2904,中和,毎日,1010,1092,904,722,552,554,806,5640,1767,2100,2059,1686,1371,1377,1750,12110
奈良県,2904,中和,時々,3097,3793,3774,2997,2424,2077,2525,20687,2165,2780,3019,2584,2153,2202,3145,18048
奈良県,2904,中和,ほとんど摂取しない,1145,1644,1922,1757,1519,1121,1134,10242,441,619,669,572,519,461,615,3896
奈良県,2905,南和,毎日,107,133,137,119,116,127,128,867,204,274,265,264,281,240,298,1826
奈良県,2905,南和,時々,335,450,481,439,509,426,452,3092,270,378,387,500,484,436,445,2900
奈良県,2905,南和,ほとんど摂取しない,156,206,276,314,303,244,186,1685,70,75,76,99,108,75,88,591
和歌山県,3001,和歌山,毎日,917,1061,892,652,604,594,858,5578,1647,2002,1992,1581,1362,1531,2042,12157
和歌山県,3001,和歌山,時々,3545,4439,4308,3465,2961,2444,3198,24360,2247,2965,3070,2901,2600,2731,4169,20683
和歌山県,3001,和歌山,ほとんど摂取しない,1063,1534,1876,1719,1500,1307,1593,10592,444,579,647,639,613,676,1071,4669
和歌山県,3002,那賀,毎日,267,278,235,201,173,170,232,1556,420,534,551,482,467,486,585,3525
和歌山県,3002,那賀,時々,869,1166,1138,911,865,787,955,6691,589,756,854,815,757,810,1057,5638
和歌山県,3002,那賀,ほとんど摂取しない,276,433,493,458,433,367,403,2863,91,154,165,182,153,163,222,1130
和歌山県,3003,橋本,毎日,178,210,170,124,145,167,215,1209,294,401,403,316,345,382,474,2615
和歌山県,3003,橋本,時々,572,794,680,630,642,625,781,4724,390,544,581,604,644,665,866,4294
和歌山県,3003,橋本,ほとんど摂取しない,198,273,330,382,371,364,324,2242,79,95,108,119,136,143,181,861
和歌山県,3004,有田,毎日,161,210,170,117,124,128,197,1107,336,356,384,330,295,384,370,2455
和歌山県,3004,有田,時々,572,700,657,610,494,514,600,4147,407,495,553,514,505,503,612,3589
和歌山県,3004,有田,ほとんど摂取しない,185,279,290,272,293,236,258,1813,71,89,101,86,122,102,136,707
和歌山県,3005,御坊,毎日,189,211,162,151,136,166,173,1188,311,347,317,315,293,346,369,2298
和歌山県,3005,御坊,時々,583,715,655,564,534,496,527,4074,344,452,486,457,452,520,521,3232
和歌山県,3005,御坊,ほとんど摂取しない,186,278,260,273,274,245,265,1781,56,80,82,73,90,96,128,605
和歌山県,3006,田辺,毎日,325,352,294,248,258,213,252,1942,575,657,653,628,567,496,560,4136
和歌山県,3006,田辺,時々,980,1256,1171,1032,957,839,900,7135,741,928,887,943,888,879,1103,6369
和歌山県,3006,田辺,ほとんど摂取しない,367,583,585,611,571,472,483,3672,128,173,215,220,199,211,250,1396
和歌山県,3007,新宮,毎日,124,137,142,103,115,103,177,901,225,248,230,238,239,315,390,1885
和歌山県,3007,新宮,時々,405,558,517,472,427,429,572,3380,253,336,398,421,420,518,721,3067
和歌山県,3007,新宮,ほとんど摂取しない,143,246,299,279,292,217,292,1768,33,81,98,95,115,92,177,691
鳥取県,3101,東部,毎日,640,654,458,374,308,326,426,3186,1199,1285,1162,974,933,1056,1110,7719
鳥取県,3101,東部,時々,2378,2719,2160,1890,1748,1722,1788,14405,1637,1976,1803,1779,1804,1786,2060,12845
鳥取県,3101,東部,ほとんど摂取しない,985,1278,1304,1291,1319,1070,1001,8248,317,428,438,399,400,458,512,2952
鳥取県,3102,中部,毎日,249,197,196,149,129,143,176,1239,414,542,414,361,399,423,459,3012
鳥取県,3102,中部,時々,857,956,814,755,762,652,735,5531,600,760,685,708,758,752,839,5102
鳥取県,3102,中部,ほとんど摂取しない,393,485,504,509,500,493,395,3279,145,172,174,166,159,182,196,1194
鳥取県,3103,西部,毎日,564,631,468,343,290,335,438,3069,1061,1116,1032,876,811,815,1092,6803
鳥取県,3103,西部,時々,2137,2442,2162,1879,1624,1441,1579,13264,1513,1935,1766,1650,1549,1443,1836,11692
鳥取県,3103,西部,ほとんど摂取しない,974,1316,1352,1211,1186,947,825,7811,400,516,483,439,419,363,461,3081
島根県,3201,松江,毎日,679,684,571,479,410,384,529,3736,1318,1643,1362,1173,1093,1107,1464,9160
島根県,3201,松江,時々,2411,2909,2563,2039,1825,1601,1895,15243,1716,2151,2133,1861,1745,1688,2223,13517
島根県,3201,松江,ほとんど摂取しない,1026,1351,1529,1341,1350,1129,1122,8848,364,499,474,463,441,396,541,3178
島根県,3202,雲南,毎日,161,160,132,100,123,129,211,1016,340,353,339,305,349,367,459,2512
島根県,3202,雲南,時々,557,645,499,470,564,552,648,3935,376,465,409,443,478,445,544,3160
島根県,3202,雲南,ほとんど摂取しない,191,322,294,305,352,346,312,2122,59,83,78,91,83,90,149,633
島根県,3203,出雲,毎日,628,656,502,376,385,421,476,3444,1152,1267,1044,939,973,1023,1207,7605
島根県,3203,出雲,時々,1748,1967,1709,1438,1339,1230,1547,10978,1150,1396,1241,1250,1165,1269,1509,8980
島根県,3203,出雲,ほとんど摂取しない,656,914,911,921,880,765,840,5887,237,307,286,271,258,306,408,2073
島根県,3204,大田,毎日,159,145,124,100,92,116,173,909,263,331,291,276,299,305,377,2142
島根県,3204,大田,時々,471,558,457,409,471,479,587,3432,292,371,334,348,471,505,628,2949
島根県,3204,大田,ほとんど摂取しない,166,234,224,246,290,264,300,1724,54,85,90,87,101,135,167,719
島根県,3205,浜田,毎日,225,239,192,136,154,158,203,1307,400,450,392,368,355,391,438,2794
島根県,3205,浜田,時々,699,820,707,632,671,660,845,5034,457,588,577,533,649,671,996,4471
島根県,3205,浜田,ほとんど摂取しない,295,449,392,438,484,474,582,3114,105,158,140,162,186,247,391,1389
島根県,3206,益田,毎日,143,143,100,91,106,106,116,805,250,268,229,249,290,330,381,1997
島根県,3206,益田,時々,545,634,459,481,506,565,728,3918,350,465,430,426,490,669,936,3766
島根県,3206,益田,ほとんど摂取しない,251,325,316,350,397,439,508,2586,72,120,94,88,126,140,240,880
島根県,3207,隠岐,毎日,64,42,27,27,45,49,63,317,76,81,53,69,69,100,143,591
島根県,3207,隠岐,時々,134,173,108,98,106,120,166,905,93,110,111,104,104,123,189,834
島根県,3207,隠岐,ほとんど摂取しない,67,69,72,77,68,86,88,527,23,27,28,22,28,40,59,227
岡山県,3301,県南東部,毎日,3158,3252,2632,1864,1435,1437,1700,15478,5154,5969,5244,4178,3589,3276,3944,31354
岡山県,3301,県南東部,時々,9012,11260,9694,7399,6250,5310,6017,54942,6119,7857,7601,6430,5809,5517,7058,46391
岡山県,3301,県南東部,ほとんど摂取しない,3242,4784,4800,4414,3924,3106,2972,27242,1086,1559,1653,1332,1276,1183,1631,9720
岡山県,3302,県南西部,毎日,2197,2319,1924,1360,1012,953,1108,10873,3371,4364,3797,2817,2403,2248,2660,21660
岡山県,3302,県南西部,時々,7024,8617,7579,5442,4529,3888,4132,41211,4249,5669,5360,4284,4002,3875,4836,32275
岡山県,3302,県南西部,ほとんど摂取しない,2403,3697,3712,3262,2916,2271,2038,20299,810,1140,1175,923,896,863,1085,6892
岡山県,3303,高梁・新見,毎日,120,121,107,80,87,88,116,719,213,222,187,208,260,254,237,1581
岡山県,3303,高梁・新見,時々,442,536,490,422,499,494,536,3419,274,374,367,384,491,494,573,2957
岡山県,3303,高梁・新見,ほとんど摂取しない,160,256,240,301,338,289,223,1807,59,90,75,90,100,97,103,614
岡山県,3304,真庭,毎日,107,102,76,73,73,81,88,600,208,199,198,236,207,251,237,1536
岡山県,3304,真庭,時々,414,482,366,323,413,396,476,2870,300,341,305,335,432,450,543,2706
岡山県,3304,真庭,ほとんど摂取しない,176,215,205,221,266,230,239,1552,42,73,69,69,71,73,99,496
岡山県,3305,津山・英田,毎日,391,400,317,252,217,238,344,2159,727,794,700,558,585,616,667,4647
岡山県,3305,津山・英田,時々,1557,1809,1539,1112,1186,1167,1340,9710,1170,1434,1328,1227,1398,1334,1622,9513
岡山県,3305,津山・英田,ほとんど摂取しない,632,929,867,749,876,752,703,5508,217,318,305,275,302,277,363,2057
広島県,3401,広島,毎日,4884,5346,4235,3013,2156,1345,977,21956,7558,8990,8088,5911,3952,2301,1774,38574
広島県,3401,広島,時々,14925,18258,16936,12687,9516,5538,3994,81854,9292,12047,11770,8988,6637,3860,3108,55702
広島県,3401,広島,ほとんど摂取しない,5989,8740,9617,8344,6571,3706,2310,45277,1899,2603,2664,2273,1586,923,809,12757
広島県,3402,広島西,毎日,511,476,386,298,258,221,241,2391,684,835,803,661,599,464,367,4413
広島県,3402,広島西,時々,1297,1666,1432,1232,1046,909,799,8381,824,1081,1051,911,906,731,699,6203
広島県,3402,広島西,ほとんど摂取しない,463,679,777,731,797,539,467,4453,155,218,221,203,178,180,181,1336
広島県,3403,呉,毎日,515,645,532,433,344,296,371,3136,850,1156,1055,897,671,649,836,6114
広島県,3403,呉,時々,1671,2469,2255,1875,1576,1272,1342,12460,1157,1569,1578,1447,1298,1098,1534,9681
広島県,3403,呉,ほとんど摂取しない,623,1042,1165,1134,1002,735,684,6385,204,387,367,330,288,264,365,2205
広島県,3404,広島中央,毎日,783,911,675,515,418,273,318,3893,1040,1320,1164,906,792,609,636,6467
広島県,3404,広島中央,時々,2582,3061,2822,2168,1652,1157,1168,14610,1288,1776,1721,1427,1258,980,1198,9648
広島県,3404,広島中央,ほとんど摂取しない,891,1249,1371,1255,1032,637,593,7028,236,351,333,283,274,207,234,1918
広島県,3405,尾三,毎日,514,602,488,353,326,321,421,3025,869,1117,1069,872,883,862,909,6581
広島県,3405,尾三,時々,2069,2587,2147,1782,1631,1501,1675,13392,1276,1736,1638,1550,1578,1509,1854,11141
広島県,3405,尾三,ほとんど摂取しない,850,1188,1247,1149,1132,885,792,7243,245,351,350,331,328,317,398,2320
広島県,3406,福山・府中,毎日,1182,1304,1033,752,607,594,692,6164,2073,2392,2160,1718,1572,1473,1534,12922
広島県,3406,福山・府中,時々,4555,5413,4593,3431,2885,2284,2417,25578,2715,3450,3294,2683,2311,2161,2495,19109
広島県,3406,福山・府中,ほとんど摂取しない,2139,2921,2834,2545,2199,1650,1499,15787,626,921,934,713,668,589,734,5185
広島県,3407,備北,毎日,201,219,184,133,150,168,221,1276,376,479,414,389,386,457,499,3000
広島県,3407,備北,時々,705,851,743,635,682,737,841,5194,519,618,602,605,708,738,813,4603
広島県,3407,備北,ほとんど摂取しない,325,394,382,378,411,368,343,2601,123,155,140,128,150,129,143,968
山口県,3501,岩国,毎日,378,453,379,295,272,243,231,2251,524,646,644,537,532,499,634,4016
山口県,3501,岩国,時々,929,1292,1185,969,841,847,1001,7064,593,855,914,770,729,875,1115,5851
山口県,3501,岩国,ほとんど摂取しない,337,498,621,602,588,472,567,3685,117,189,227,176,147,199,281,1336
山口県,3502,柳井,毎日,191,236,188,179,158,146,159,1257,264,362,369,292,330,301,351,2269
山口県,3502,柳井,時々,591,773,675,495,529,489,523,4075,403,535,570,464,474,510,606,3562
山口県,3502,柳井,ほとんど摂取しない,187,304,337,298,292,285,235,1938,73,107,106,84,86,98,137,691
山口県,3503,周南,毎日,770,896,753,490,382,340,489,4120,1202,1597,1406,1097,912,992,1309,8515
山口県,3503,周南,時々,2282,2933,2668,1916,1650,1452,1843,14744,1412,1961,1906,1559,1495,1547,2316,12196
山口県,3503,周南,ほとんど摂取しない,776,1308,1436,1226,1089,892,950,7677,243,426,449,353,337,315,542,2665
山口県,3504,山口・防府,毎日,1182,1254,1007,729,617,459,502,5750,1445,1645,1572,1248,1098,931,979,8918
山口県,3504,山口・防府,時々,3018,3766,3261,2508,2189,1706,1887,18335,1756,2236,2119,1825,1740,1540,1883,13099
山口県,3504,山口・防府,ほとんど摂取しない,1134,1594,1670,1671,1488,1069,909,9535,330,473,490,380,358,336,425,2792
山口県,3505,宇部・小野田,毎日,718,771,628,502,395,311,366,3691,1003,1080,1070,835,758,735,930,6411
山口県,3505,宇部・小野田,時々,2094,2539,2169,1764,1457,1329,1461,12813,1246,1557,1633,1418,1333,1378,1772,10337
山口県,3505,宇部・小野田,ほとんど摂取しない,1016,1402,1401,1301,1247,953,948,8268,376,492,518,460,395,433,541,3215
山口県,3506,下関,毎日,673,713,584,386,289,210,154,3009,908,1073,1106,884,679,380,282,5312
山口県,3506,下関,時々,2040,2578,2166,1703,1382,973,635,11477,1297,1705,1707,1489,1264,783,602,8847
山口県,3506,下関,ほとんど摂取しない,832,1258,1213,1222,1106,783,452,6866,259,352,382,418,286,177,157,2031
山口県,3507,長門,毎日,123,113,106,63,68,69,77,619,156,192,162,153,191,157,161,1172
山口県,3507,長門,時々,292,347,273,221,255,242,292,1922,188,210,256,227,262,288,342,1773
山口県,3507,長門,ほとんど摂取しない,96,148,144,131,170,122,118,929,28,42,45,44,47,45,65,316
山口県,3508,萩,毎日,137,151,134,100,129,101,101,853,189,252,271,257,243,245,255,1712
山口県,3508,萩,時々,351,471,430,360,380,415,483,2890,219,311,312,284,376,460,583,2545
山口県,3508,萩,ほとんど摂取しない,135,202,193,228,224,234,209,1425,32,56,67,75,60,90,117,497
徳島県,3601,東部,毎日,1329,1393,1145,914,820,879,1126,7606,2389,2766,2661,2252,2111,2310,2524,17013
徳島県,3601,東部,時々,4584,5297,4804,4141,3603,3249,3947,29625,3203,4032,3948,3581,3345,3794,4925,26828
徳島県,3601,東部,ほとんど摂取しない,1682,2391,2454,2407,2162,1814,2061,14971,619,861,844,776,674,913,1193,5880
徳島県,3603,南部,毎日,383,384,329,256,229,322,402,2305,607,730,722,667,633,746,935,5040
徳島県,3603,南部,時々,1243,1470,1251,1136,1007,1087,1481,8675,757,945,1016,925,1047,1250,1727,7667
徳島県,3603,南部,ほとんど摂取しない,455,640,639,594,614,550,692,4184,147,174,232,176,201,239,388,1557
徳島県,3605,西部,毎日,141,113,128,122,128,163,240,1035,285,308,304,323,360,439,468,2487
徳島県,3605,西部,時々,512,585,522,533,595,721,817,4285,364,464,460,526,639,721,917,4091
徳島県,3605,西部,ほとんど摂取しない,195,236,263,289,346,354,378,2061,62,98,90,111,98,136,180,775
香川県,3702,小豆,毎日,71,71,55,76,63,73,105,514,145,147,151,143,144,178,223,1131
香川県,3702,小豆,時々,183,193,184,155,168,182,282,1347,129,153,147,143,173,221,366,1332
香川県,3702,小豆,ほとんど摂取しない,67,71,82,92,78,84,125,599,23,34,32,29,24,40,52,234
香川県,3706,東部,毎日,1500,1673,1359,1009,891,868,1106,8406,2599,3223,2818,2151,1965,1875,2437,17068
香川県,3706,東部,時々,4861,6132,5357,4321,3547,3103,4021,31342,3441,4354,4206,3570,3380,3457,5256,27664
香川県,3706,東部,ほとんど摂取しない,1793,2682,2892,2501,2185,1617,1853,15523,588,880,890,696,630,748,1070,5502
香川県,3707,西部,毎日,1050,1197,881,699,654,645,786,5912,1783,2148,1860,1662,1648,1603,1847,12551
香川県,3707,西部,時々,3621,4301,3753,3165,2980,2750,3380,23950,2448,3252,3093,2713,2725,2932,4189,21352
香川県,3707,西部,ほとんど摂取しない,1359,1950,1969,1719,1786,1482,1666,11931,481,671,648,523,555,559,886,4323
愛媛県,3801,宇摩,毎日,158,185,135,118,98,75,87,856,336,322,291,258,226,195,170,1798
愛媛県,3801,宇摩,時々,638,731,661,540,452,367,334,3723,365,501,476,418,352,367,355,2834
愛媛県,3801,宇摩,ほとんど摂取しない,243,377,349,352,280,213,180,1994,63,119,122,95,69,75,97,640
愛媛県,3802,新居浜・西条,毎日,630,661,514,375,289,222,228,2919,965,1077,1018,909,693,489,551,5702
愛媛県,3802,新居浜・西条,時々,2024,2526,2096,1748,1457,941,940,11732,1277,1669,1553,1383,1074,926,1000,8882
愛媛県,3802,新居浜・西条,ほとんど摂取しない,722,1038,1043,1090,936,566,461,5856,237,317,291,237,241,182,223,1728
愛媛県,3803,今治,毎日,484,512,436,297,240,241,307,2517,765,880,856,723,635,504,669,5032
愛媛県,3803,今治,時々,1421,1829,1580,1267,1103,894,1043,9137,884,1210,1255,1030,969,876,1139,7363
愛媛県,3803,今治,ほとんど摂取しない,548,779,842,771,755,538,587,4820,161,250,253,224,194,178,275,1535
愛媛県,3804,松山,毎日,2181,2399,1895,1367,1081,753,687,10363,3467,4036,3651,2924,2283,1588,1399,19348
愛媛県,3804,松山,時々,6940,8329,7041,5617,4918,3236,2597,38678,4741,5746,5514,4665,4044,3103,2778,30591
愛媛県,3804,松山,ほとんど摂取しない,2547,3560,3888,3634,3070,2129,1402,20230,879,1174,1179,1016,939,719,698,6604
愛媛県,3805,八幡浜・大洲,毎日,373,409,367,301,245,210,233,2138,641,709,740,667,594,519,492,4362
愛媛県,3805,八幡浜・大洲,時々,1173,1455,1237,1284,1196,920,985,8250,820,1025,1120,1059,1075,1009,1119,7227
愛媛県,3805,八幡浜・大洲,ほとんど摂取しない,386,572,572,661,735,568,475,3969,129,183,197,199,198,203,222,1331
愛媛県,3806,宇和島,毎日,243,287,194,207,196,150,237,1514,456,544,555,544,511,492,530,3632
愛媛県,3806,宇和島,時々,841,1052,902,871,807,699,863,6035,608,854,873,822,873,862,1037,5929
愛媛県,3806,宇和島,ほとんど摂取しない,310,428,465,484,473,395,384,2939,108,168,151,162,154,164,209,1116
高知県,3901,安芸,毎日,134,148,137,114,96,98,106,833,154,194,178,184,181,238,268,1397
高知県,3901,安芸,時々,337,397,358,365,319,348,451,2575,239,308,323,327,375,464,660,2696
高知県,3901,安芸,ほとんど摂取しない,126,166,214,204,251,200,266,1427,36,77,86,83,88,112,177,659
高知県,3902,中央,毎日,1775,1884,1492,1051,776,739,861,8578,2756,2988,2757,2218,1948,1877,2124,16668
高知県,3902,中央,時々,4994,6101,5005,4078,3624,3156,3654,30612,3703,4891,4598,4069,3786,3587,4666,29300
高知県,3902,中央,ほとんど摂取しない,1903,2860,2941,2919,2722,2275,2481,18101,812,1132,1146,1029,1027,931,1413,7490
高知県,3903,高幡,毎日,158,184,142,88,121,94,130,917,205,239,200,207,220,268,312,1651
高知県,3903,高幡,時々,432,444,434,380,444,492,661,3287,260,373,381,392,458,556,682,3102
高知県,3903,高幡,ほとんど摂取しない,167,228,271,292,302,338,352,1950,56,97,87,92,110,141,194,777
高知県,3904,幡多,毎日,211,217,162,123,123,156,204,1196,295,395,346,325,362,446,583,2752
高知県,3904,幡多,時々,596,739,605,535,560,612,817,4464,494,645,596,578,638,807,1036,4794
高知県,3904,幡多,ほとんど摂取しない,226,338,344,329,407,425,464,2533,93,135,139,128,151,203,287,1136
福岡県,4001,福岡・糸島,毎日,4997,4499,3317,2346,1766,1467,1502,19894,8413,8477,7167,5198,3962,3349,3791,40357
福岡県,4001,福岡・糸島,時々,17425,18785,16587,12315,9551,7630,8505,90798,13828,15449,14409,11308,9018,7943,9903,81858
福岡県,4001,福岡・糸島,ほとんど摂取しない,8444,10804,11103,9669,7927,5339,4828,58114,3285,3931,3649,3094,2498,2246,2570,21273
福岡県,4002,粕屋,毎日,1035,1066,713,478,355,288,290,4225,1597,1554,1122,837,727,586,573,6996
福岡県,4002,粕屋,時々,3423,3858,2981,2046,1849,1543,1573,17273,2379,2823,2389,1896,1665,1521,1638,14311
福岡県,4002,粕屋,ほとんど摂取しない,1517,2067,1803,1484,1388,1049,902,10210,565,681,580,469,448,392,440,3575
福岡県,4003,宗像,毎日,522,427,311,222,177,161,203,2023,813,765,660,554,457,462,436,4147
福岡県,4003,宗像,時々,1735,1689,1411,1117,1096,988,1033,9069,1235,1328,1213,1068,1081,1036,1121,8082
福岡県,4003,宗像,ほとんど摂取しない,675,848,738,701,805,668,602,5037,252,293,263,271,270,247,289,1885
福岡県,4004,筑紫,毎日,1203,1148,866,575,414,379,451,5036,2059,2263,1943,1425,1117,975,1142,10924
福岡県,4004,筑紫,時々,4047,4623,4003,3132,2595,2296,2609,23305,2980,3616,3511,2999,2585,2502,3117,21310
福岡県,4004,筑紫,ほとんど摂取しない,1816,2538,2594,2277,2096,1605,1653,14579,680,885,847,724,683,688,945,5452
福岡県,4005,朝倉,毎日,209,201,165,111,103,124,117,1030,349,314,327,260,245,285,285,2065
福岡県,4005,朝倉,時々,857,855,727,609,592,709,769,5118,554,733,647,675,703,812,958,5082
福岡県,4005,朝倉,ほとんど摂取しない,338,435,400,404,460,374,429,2840,125,158,151,157,156,168,217,1132
福岡県,4006,久留米,毎日,1070,1035,774,593,506,472,510,4960,1819,1939,1781,1422,1204,1119,1253,10537
福岡県,4006,久留米,時々,4163,4589,4016,3301,3091,2710,2985,24855,3105,3819,3878,3422,3167,3193,3787,24371
福岡県,4006,久留米,ほとんど摂取しない,1803,2368,2374,2380,2147,1792,1745,14609,658,856,815,825,770,833,1011,5768
福岡県,4007,八女・筑後,毎日,376,287,250,190,157,157,150,1567,514,544,526,414,364,347,318,3027
福岡県,4007,八女・筑後,時々,1283,1379,1182,1061,1112,1015,1141,8173,938,1136,1152,1202,1185,1270,1475,8358
福岡県,4007,八女・筑後,ほとんど摂取しない,519,675,676,711,724,610,664,4579,181,236,260,245,260,290,414,1886
福岡県,4008,有明,毎日,412,382,303,294,242,244,293,2170,690,753,676,658,560,582,745,4664
福岡県,4008,有明,時々,1697,1819,1666,1497,1507,1435,1722,11343,1217,1510,1570,1606,1568,1815,2339,11625
福岡県,4008,有明,ほとんど摂取しない,652,898,995,1137,1126,914,974,6696,232,357,342,396,386,445,609,2767
福岡県,4009,飯塚,毎日,464,387,281,203,206,210,291,2042,705,757,630,522,530,553,685,4382
福岡県,4009,飯塚,時々,1509,1689,1347,1115,1225,1225,1607,9717,1214,1528,1369,1174,1364,1595,2140,10384
福岡県,4009,飯塚,ほとんど摂取しない,650,861,778,746,838,744,847,5464,305,319,305,273,366,342,485,2395
福岡県,4010,直方・鞍手,毎日,340,261,199,154,140,136,187,1417,404,400,370,289,300,319,413,2495
福岡県,4010,直方・鞍手,時々,1019,1065,828,694,756,747,928,6037,640,699,758,691,725,866,1152,5531
福岡県,4010,直方・鞍手,ほとんど摂取しない,384,493,475,435,499,433,493,3212,154,182,171,162,190,202,250,1311
福岡県,4011,田川,毎日,263,234,184,143,135,134,194,1287,402,445,377,357,326,333,412,2652
福岡県,4011,田川,時々,875,1000,841,641,732,783,919,5791,729,853,809,785,831,957,1118,6082
福岡県,4011,田川,ほとんど摂取しない,392,554,521,516,520,499,461,3463,155,257,228,194,197,244,281,1556
福岡県,4012,北九州,毎日,2725,2821,2051,1560,1201,1238,1533,13129,4398,4849,4521,3600,3008,3011,3925,27312
福岡県,4012,北九州,時々,9824,11224,10063,7803,7113,6501,7845,60373,6936,8664,8836,7712,6818,7166,10274,56406
福岡県,4012,北九州,ほとんど摂取しない,4116,5441,5851,5528,5381,4437,4824,35578,1469,1995,2109,1847,1769,1753,2696,13638
福岡県,4013,京築,毎日,488,514,377,317,241,246,292,2475,736,846,770,638,627,627,739,4983
福岡県,4013,京築,時々,1836,2170,1885,1511,1449,1397,1695,11943,1242,1579,1532,1314,1363,1608,2046,10684
福岡県,4013,京築,ほとんど摂取しない,771,1070,1118,1034,989,863,884,6729,227,349,338,296,286,344,465,2305
佐賀県,4101,中部,毎日,950,801,610,575,419,438,470,4263,1498,1683,1472,1340,1195,1126,1035,9349
佐賀県,4101,中部,時々,3444,3830,3362,2943,2689,2565,2655,21488,2618,3111,3039,2858,2785,2850,3207,20468
佐賀県,4101,中部,ほとんど摂取しない,1421,1821,2016,2015,1966,1678,1701,12618,490,599,654,633,602,675,846,4499
佐賀県,4102,東部,毎日,367,378,238,202,136,155,217,1693,574,600,527,383,373,402,457,3316
佐賀県,4102,東部,時々,1435,1505,1221,977,849,790,890,7667,855,1039,1009,793,792,880,1174,6542
佐賀県,4102,東部,ほとんど摂取しない,606,714,734,656,613,501,544,4368,154,237,219,167,220,218,325,1540
佐賀県,4103,北部,毎日,246,257,146,148,131,117,160,1205,443,481,424,396,390,365,341,2840
佐賀県,4103,北部,時々,1004,1122,925,886,909,930,1040,6816,865,1022,899,983,1044,1103,1197,7113
佐賀県,4103,北部,ほとんど摂取しない,451,563,545,540,590,523,538,3750,176,185,177,212,249,236,293,1528
佐賀県,4104,西部,毎日,190,144,107,115,101,101,99,857,336,289,260,286,228,273,288,1960
佐賀県,4104,西部,時々,823,773,714,661,619,628,674,4892,562,630,614,625,698,796,925,4850
佐賀県,4104,西部,ほとんど摂取しない,302,402,400,402,450,414,423,2793,106,138,124,140,139,148,266,1061
佐賀県,4105,南部,毎日,310,242,234,204,198,192,222,1602,599,585,566,504,499,504,501,3758
佐賀県,4105,南部,時々,1343,1357,1237,1304,1250,1244,1443,9178,878,1117,1142,1245,1399,1557,1907,9245
佐賀県,4105,南部,ほとんど摂取しない,580,698,774,885,925,863,930,5655,215,258,270,261,349,439,630,2422
長崎県,4201,長崎,毎日,998,1016,885,687,594,561,695,5436,2020,2207,2048,1677,1527,1497,1722,12698
長崎県,4201,長崎,時々,4083,4912,4612,3968,3560,3420,4163,28718,3331,4199,4222,3990,3779,4212,5489,29222
長崎県,4201,長崎,ほとんど摂取しない,1597,2289,2632,2707,2659,2338,2695,16917,610,838,865,882,930,1115,1649,6889
長崎県,4202,佐世保県北,毎日,457,475,416,329,279,300,415,2671,916,983,911,798,801,881,942,6232
長崎県,4202,佐世保県北,時々,2121,2445,2112,2034,1971,2053,2404,15140,1850,2166,2193,2010,2054,2495,3146,15914
長崎県,4202,佐世保県北,ほとんど摂取しない,841,1117,1180,1247,1275,1211,1316,8187,293,431,430,439,402,558,796,3349
長崎県,4203,県央,毎日,611,578,479,344,278,300,339,2929,1068,1097,1045,872,780,762,810,6434
長崎県,4203,県央,時々,2543,2915,2518,2242,1946,1915,2149,16228,1971,2250,2322,2215,2094,2388,2988,16228
長崎県,4203,県央,ほとんど摂取しない,1021,1330,1460,1474,1541,1275,1231,9332,330,439,446,408,464,553,793,3433
長崎県,4204,県南,毎日,251,247,213,188,220,225,272,1616,393,503,495,467,502,502,470,3332
長崎県,4204,県南,時々,893,1028,980,979,1114,1118,1365,7477,818,903,1065,1155,1294,1576,1942,8753
長崎県,4204,県南,ほとんど摂取しない,347,452,551,637,629,615,694,3925,111,184,192,194,244,320,446,1691
長崎県,4206,五島,毎日,49,51,51,38,49,80,65,383,109,118,114,105,126,146,142,860
長崎県,4206,五島,時々,241,264,278,280,273,326,363,2025,182,203,242,265,347,389,456,2084
長崎県,4206,五島,ほとんど摂取しない,106,144,127,146,175,168,183,1049,36,33,50,54,69,105,122,469
長崎県,4207,上五島,毎日,44,51,45,45,44,39,31,299,54,78,60,76,82,57,58,465
長崎県,4207,上五島,時々,177,185,189,211,206,148,97,1213,106,121,143,158,160,147,120,955
長崎県,4207,上五島,ほとんど摂取しない,63,93,88,100,101,81,67,593,12,29,23,39,28,24,25,180
長崎県,4208,壱岐,毎日,54,59,64,51,50,73,92,443,126,142,93,117,111,144,184,917
長崎県,4208,壱岐,時々,216,241,228,229,237,250,332,1733,177,192,189,225,213,273,361,1630
長崎県,4208,壱岐,ほとんど摂取しない,84,107,115,95,108,100,104,713,31,35,30,31,54,44,65,290
長崎県,4209,対馬,毎日,50,60,41,34,58,74,81,398,108,125,96,105,127,138,156,855
長崎県,4209,対馬,時々,260,285,240,236,290,323,372,2006,187,217,229,241,317,386,438,2015
長崎県,4209,対馬,ほとんど摂取しない,77,113,136,127,132,134,143,862,28,30,43,42,35,76,82,336
熊本県,4302,宇城,毎日,231,233,166,169,159,139,134,1231,433,382,424,344,353,321,271,2528
熊本県,4302,宇城,時々,935,1002,930,882,807,756,772,6084,700,845,795,821,826,860,877,5724
熊本県,4302,宇城,ほとんど摂取しない,408,490,498,627,585,496,513,3617,121,171,188,156,182,194,300,1312
熊本県,4303,有明,毎日,378,306,248,191,186,185,212,1706,523,566,494,475,446,392,419,3315
熊本県,4303,有明,時々,1414,1399,1210,1088,1079,1092,1179,8461,1032,1208,1174,1157,1223,1201,1412,8407
熊本県,4303,有明,ほとんど摂取しない,559,649,659,782,748,676,658,4731,195,274,218,228,249,284,324,1772
熊本県,4304,鹿本,毎日,96,88,75,69,53,55,60,496,145,182,180,147,153,109,98,1014
熊本県,4304,鹿本,時々,472,490,430,403,402,375,406,2978,359,404,436,434,439,449,507,3028
熊本県,4304,鹿本,ほとんど摂取しない,208,215,258,259,278,239,227,1684,80,70,79,81,93,112,110,625
熊本県,4305,菊池,毎日,598,505,349,306,238,195,190,2381,1016,948,724,596,508,407,358,4557
熊本県,4305,菊池,時々,2370,2509,1849,1616,1431,1277,1204,12256,1780,1789,1588,1506,1447,1368,1361,10839
熊本県,4305,菊池,ほとんど摂取しない,968,1129,1041,1035,948,788,707,6616,322,389,308,309,295,284,341,2248
熊本県,4306,阿蘇,毎日,130,116,92,100,87,128,118,771,214,221,221,209,199,235,233,1532
熊本県,4306,阿蘇,時々,533,567,463,542,559,677,783,4124,448,522,537,592,681,846,949,4575
熊本県,4306,阿蘇,ほとんど摂取しない,232,263,309,324,376,436,429,2369,121,131,125,137,164,225,234,1137
熊本県,4308,八代,毎日,395,331,290,272,237,210,201,1936,578,673,585,547,576,518,459,3936
熊本県,4308,八代,時々,1126,1269,1127,1011,895,895,962,7285,913,1074,1062,1104,1091,1104,1209,7557
熊本県,4308,八代,ほとんど摂取しない,606,764,786,844,835,622,567,5024,219,292,289,300,314,325,332,2071
熊本県,4309,芦北,毎日,83,49,81,65,60,61,60,459,140,180,172,154,138,166,118,1068
熊本県,4309,芦北,時々,344,366,373,383,335,326,324,2451,256,253,307,340,377,358,382,2273
熊本県,4309,芦北,ほとんど摂取しない,140,221,254,279,272,226,162,1554,40,50,60,90,80,87,64,471
熊本県,4310,球磨,毎日,165,151,144,148,136,145,179,1068,391,398,362,361,330,367,374,2583
熊本県,4310,球磨,時々,804,881,741,790,909,945,1097,6167,696,790,842,882,1011,1134,1375,6730
熊本県,4310,球磨,ほとんど摂取しない,356,475,528,597,644,594,610,3804,128,194,172,209,231,250,355,1539
熊本県,4311,天草,毎日,188,199,182,174,199,210,210,1362,446,478,462,510,482,484,429,3291
熊本県,4311,天草,時々,935,1000,977,953,1059,1116,1221,7261,818,987,1063,1217,1320,1483,1504,8392
熊本県,4311,天草,ほとんど摂取しない,428,551,604,636,753,667,632,4271,162,208,220,234,250,307,354,1735
熊本県,4312,熊本・上益城,毎日,2061,1978,1473,1197,994,820,848,9371,3805,4088,3613,3000,2392,2000,1908,20806
熊本県,4312,熊本・上益城,時々,7952,8992,7656,6748,5944,5097,5016,47405,6515,7709,7180,6688,6017,5721,6640,46470
熊本県,4312,熊本・上益城,ほとんど摂取しない,3585,4606,4591,4704,4313,3493,3215,28507,1396,1754,1597,1565,1461,1500,1935,11208
大分県,4401,東部,毎日,457,468,404,310,306,310,425,2680,820,882,860,816,763,718,916,5775
大分県,4401,東部,時々,1603,1813,1620,1496,1559,1565,1804,11460,1308,1614,1715,1651,1690,1816,2427,12221
大分県,4401,東部,ほとんど摂取しない,668,939,958,960,1060,964,1127,6676,260,377,418,380,395,479,707,3016
大分県,4403,中部,毎日,1607,1588,1172,884,776,746,834,7607,2913,3301,2791,2224,1989,1804,1980,17002
大分県,4403,中部,時々,6128,6838,5581,4603,4472,4080,4325,36027,4493,5377,5188,4551,4432,4396,5411,33848
大分県,4403,中部,ほとんど摂取しない,2394,3447,3392,3152,3247,2595,2534,20761,873,1159,1199,1009,1004,995,1383,7622
大分県,4405,南部,毎日,150,183,137,115,98,136,166,985,289,289,319,291,317,372,413,2290
大分県,4405,南部,時々,558,607,524,545,530,623,776,4163,420,451,513,512,643,744,1015,4298
大分県,4405,南部,ほとんど摂取しない,218,281,307,321,345,368,381,2221,53,108,91,88,97,165,220,822
大分県,4406,豊肥,毎日,132,99,76,80,80,95,130,692,197,208,177,182,250,233,222,1469
大分県,4406,豊肥,時々,395,442,406,369,523,520,706,3361,326,358,398,408,571,676,847,3584
大分県,4406,豊肥,ほとんど摂取しない,137,191,238,263,359,352,410,1950,61,95,85,93,145,173,247,899
大分県,4408,西部,毎日,194,203,163,151,151,177,155,1194,329,356,297,314,346,316,343,2301
大分県,4408,西部,時々,785,904,752,798,833,807,894,5773,582,702,743,753,823,835,1056,5494
大分県,4408,西部,ほとんど摂取しない,320,427,478,498,551,442,423,3139,120,145,159,171,157,179,204,1135
大分県,4409,北部,毎日,484,387,317,238,234,240,330,2230,548,581,563,551,530,625,713,4111
大分県,4409,北部,時々,1553,1631,1389,1206,1136,1075,1283,9273,851,1048,1107,1010,1144,1313,1632,8105
大分県,4409,北部,ほとんど摂取しない,549,718,792,797,713,603,595,4767,168,196,207,183,199,255,373,1581
宮崎県,4501,宮崎東諸県,毎日,1000,1026,745,593,519,447,526,4856,1821,1986,1788,1473,1159,1036,1134,10397
宮崎県,4501,宮崎東諸県,時々,4507,5229,4353,3573,3139,2692,2741,26234,3316,4212,3850,3305,2972,2905,3492,24052
宮崎県,4501,宮崎東諸県,ほとんど摂取しない,2053,2724,2819,2659,2432,1856,1637,16180,712,1009,878,808,759,722,919,5807
宮崎県,4502,都城北諸県,毎日,353,335,245,226,233,238,286,1916,694,707,662,581,625,647,722,4638
宮崎県,4502,都城北諸県,時々,1857,1844,1497,1367,1476,1467,1984,11492,1280,1490,1427,1422,1684,2098,2781,12182
宮崎県,4502,都城北諸県,ほとんど摂取しない,803,1015,943,946,1140,1005,1095,6947,265,315,304,306,379,478,671,2718
宮崎県,4503,延岡西臼杵,毎日,410,419,337,267,214,184,216,2047,579,707,620,508,461,499,525,3899
宮崎県,4503,延岡西臼杵,時々,1592,1770,1601,1407,1254,1194,1573,10391,1027,1219,1194,1252,1313,1462,1938,9405
宮崎県,4503,延岡西臼杵,ほとんど摂取しない,672,946,999,976,960,821,908,6282,188,279,301,238,289,371,543,2209
宮崎県,4504,日南串間,毎日,131,126,100,94,98,79,111,739,189,185,190,205,205,242,238,1454
宮崎県,4504,日南串間,時々,528,526,505,518,560,571,662,3870,353,430,401,495,553,650,904,3786
宮崎県,4504,日南串間,ほとんど摂取しない,187,265,292,280,365,358,348,2095,75,84,99,94,111,150,243,856
宮崎県,4505,西諸,毎日,111,98,73,74,106,102,147,711,186,197,178,212,200,269,301,1543
宮崎県,4505,西諸,時々,512,495,419,477,563,657,890,4013,361,395,379,508,642,818,1083,4186
宮崎県,4505,西諸,ほとんど摂取しない,203,228,265,319,339,357,413,2124,81,75,81,99,112,148,214,810
宮崎県,4506,西都児湯,毎日,192,171,127,113,126,136,149,1014,333,357,309,313,277,340,340,2269
宮崎県,4506,西都児湯,時々,765,807,701,715,703,838,992,5521,625,765,750,697,841,1024,1296,5998
宮崎県,4506,西都児湯,ほとんど摂取しない,338,483,434,446,517,562,550,3330,117,191,158,163,181,232,331,1373
宮崎県,4507,日向入郷,毎日,181,182,113,109,96,97,135,913,340,315,322,244,241,264,356,2082
宮崎県,4507,日向入郷,時々,741,837,668,602,620,673,817,4958,570,658,665,611,661,727,1009,4901
宮崎県,4507,日向入郷,ほとんど摂取しない,345,416,404,459,398,401,393,2816,105,129,125,128,124,162,215,988
鹿児島県,4601,鹿児島,毎日,1653,1667,1239,1025,904,798,1004,8290,2995,3092,2879,2384,2206,2206,2439,18201
鹿児島県,4601,鹿児島,時々,6394,7183,6223,5486,5198,4957,5599,41040,4666,5517,5275,4878,4846,5469,6955,37606
鹿児島県,4601,鹿児島,ほとんど摂取しない,2719,3539,3472,3598,3768,3170,3180,23446,940,1150,1121,1032,1051,1225,1677,8196
鹿児島県,4603,南薩,毎日,243,240,227,207,227,277,326,1747,353,381,417,431,532,645,735,3494
鹿児島県,4603,南薩,時々,823,876,813,918,1073,1374,1742,7619,599,657,695,861,1135,1660,2143,7750
鹿児島県,4603,南薩,ほとんど摂取しない,327,389,454,513,640,727,778,3828,111,144,159,158,201,287,413,1473
鹿児島県,4605,川薩,毎日,288,266,203,199,162,179,241,1538,456,446,426,440,462,472,584,3286
鹿児島県,4605,川薩,時々,1106,1150,1057,1073,1108,1217,1551,8262,763,901,983,1035,1155,1478,1842,8157
鹿児島県,4605,川薩,ほとんど摂取しない,449,566,566,761,773,735,870,4720,166,185,206,198,243,328,433,1759
鹿児島県,4606,出水,毎日,185,209,151,137,123,138,185,1128,284,321,299,281,295,366,380,2226
鹿児島県,4606,出水,時々,665,668,634,685,647,731,865,4895,500,556,587,621,673,904,1054,4895
鹿児島県,4606,出水,ほとんど摂取しない,289,309,396,376,405,399,439,2613,104,138,153,161,175,192,234,1157
鹿児島県,4607,姶良・伊佐,毎日,628,578,466,381,325,319,400,3097,992,1031,1009,887,835,817,838,6409
鹿児島県,4607,姶良・伊佐,時々,2200,2451,2299,2186,2102,1969,2463,15670,1571,1873,1937,2016,2095,2296,3132,14920
鹿児島県,4607,姶良・伊佐,ほとんど摂取しない,952,1155,1222,1395,1497,1174,1245,8640,326,391,420,404,443,497,675,3156
鹿児島県,4609,曽於,毎日,132,116,116,114,132,120,131,861,215,234,231,229,279,248,268,1704
鹿児島県,4609,曽於,時々,560,565,573,591,664,682,818,4453,397,409,465,559,666,814,935,4245
鹿児島県,4609,曽於,ほとんど摂取しない,264,272,292,324,443,398,400,2393,81,74,84,113,154,164,217,887
鹿児島県,4610,肝属,毎日,326,311,246,225,216,241,273,1838,509,545,476,499,544,574,573,3720
鹿児島県,4610,肝属,時々,1370,1260,1192,1187,1371,1365,1527,9272,943,1024,1081,1130,1313,1542,1842,8875
鹿児島県,4610,肝属,ほとんど摂取しない,554,653,623,755,865,793,781,5024,152,208,262,234,300,313,430,1899
鹿児島県,4611,熊毛,毎日,96,81,88,84,86,79,109,623,131,135,138,121,147,210,182,1064
鹿児島県,4611,熊毛,時々,299,353,344,310,340,374,395,2415,194,225,274,239,294,370,462,2058
鹿児島県,4611,熊毛,ほとんど摂取しない,115,183,192,217,191,179,160,1237,48,61,50,43,45,79,94,420
鹿児島県,4612,奄美,毎日,205,207,173,160,175,224,235,1379,382,356,328,360,428,556,540,2950
鹿児島県,4612,奄美,時々,615,671,679,726,731,866,924,5212,499,550,534,549,694,997,1144,4967
鹿児島県,4612,奄美,ほとんど摂取しない,249,351,365,406,416,509,524,2820,90,131,128,117,146,201,238,1051
沖縄県,4701,北部,毎日,205,190,111,102,120,150,177,1055,401,389,273,324,302,366,369,2424
沖縄県,4701,北部,時々,918,995,783,753,850,891,837,6027,694,755,653,723,849,857,864,5395
沖縄県,4701,北部,ほとんど摂取しない,373,446,405,412,494,533,527,3190,137,148,119,127,182,173,181,1067
沖縄県,4702,中部,毎日,1186,1188,884,592,450,369,331,5000,2111,2396,1964,1492,1128,814,749,10654
沖縄県,4702,中部,時々,3968,4824,4004,3291,2645,1959,1663,22354,3064,3750,3466,2859,2447,2064,1894,19544
沖縄県,4702,中部,ほとんど摂取しない,1450,1992,2040,1751,1482,1118,926,10759,619,837,726,589,494,442,456,4163
沖縄県,4703,南部,毎日,1746,1820,1434,1034,781,655,676,8146,3564,3817,3490,2718,2047,1743,1705,19084
沖縄県,4703,南部,時々,6203,7243,6332,5231,4360,3584,3324,36277,5253,6035,5804,5010,4386,4132,4189,34809
沖縄県,4703,南部,ほとんど摂取しない,2468,3189,3274,3001,2502,2141,2004,18579,1113,1366,1282,1060,877,951,965,7614
沖縄県,4704,宮古,毎日,61,62,42,54,58,74,95,446,149,132,125,162,147,185,164,1064
沖縄県,4704,宮古,時々,226,283,235,265,284,355,325,1973,205,226,196,222,303,402,416,1970
沖縄県,4704,宮古,ほとんど摂取しない,71,105,93,104,124,157,128,782,48,53,44,48,49,76,91,409
沖縄県,4705,八重山,毎日,33,43,50,20,18,36,55,255,74,92,71,73,67,91,108,576
沖縄県,4705,八重山,時々,130,177,177,146,143,198,206,1177,150,163,142,138,176,251,301,1321
沖縄県,4705,八重山,ほとんど摂取しない,67,82,82,81,110,117,139,678,35,52,36,38,45,60,59,325
二次医療圏判別不可,,,毎日,11194,10999,9401,7272,3612,1153,987,44618,13193,14274,12740,8640,3942,1463,761,55013
二次医療圏判別不可,,,時々,44417,47339,45523,39460,19575,5693,3350,205357,18604,22132,21794,16894,8259,2974,1577,92234
二次医療圏判別不可,,,ほとんど摂取しない,17228,21300,24920,25123,13676,3501,1821,107569,3708,4820,4910,3945,2174,749,422,20728
