都道府県名,二次医療圏番号,二次医療圏名,回答,男40～44歳,男45～49歳,男50～54歳,男55～59歳,男60～64歳,男65～69歳,男70～74歳,男中計,女40～44歳,女45～49歳,女50～54歳,女55～59歳,女60～64歳,女65～69歳,女70～74歳,女中計
北海道,0101,南渡島,はい,1189,1601,1280,1181,1188,1301,1789,9529,510,712,812,815,982,1443,2276,7550
北海道,0101,南渡島,いいえ,3337,4176,3924,3514,3081,2486,2366,22884,3041,3921,3851,3372,2914,2593,2891,22583
北海道,0102,南檜山,はい,68,91,77,67,82,72,100,557,27,25,30,29,52,70,112,345
北海道,0102,南檜山,いいえ,206,258,255,239,223,195,178,1554,181,213,219,214,206,199,255,1487
北海道,0103,北渡島檜山,はい,117,109,100,91,92,105,138,752,50,63,47,56,58,81,146,501
北海道,0103,北渡島檜山,いいえ,280,341,330,299,267,242,223,1982,199,261,245,259,245,273,277,1759
北海道,0104,札幌,はい,9445,11234,10285,9144,8056,5651,4120,57935,4218,5680,6139,5852,4751,3424,3217,33281
北海道,0104,札幌,いいえ,28043,33603,32193,27621,23376,13363,7132,165331,25267,29545,27410,22214,15588,7968,4887,132879
北海道,0105,後志,はい,729,832,750,678,657,709,882,5237,259,366,351,379,426,605,990,3376
北海道,0105,後志,いいえ,1794,2444,2343,2165,1842,1540,1429,13557,1516,2069,2006,1830,1624,1463,1727,12235
北海道,0106,南空知,はい,425,607,493,531,495,601,669,3821,177,231,288,306,325,457,714,2498
北海道,0106,南空知,いいえ,1341,1855,1686,1665,1681,1294,1078,10600,1159,1621,1598,1507,1409,1136,1261,9691
北海道,0107,中空知,はい,247,344,311,310,279,350,541,2382,99,154,159,211,251,389,644,1907
北海道,0107,中空知,いいえ,811,1189,1119,1107,1058,849,920,7053,839,1061,1009,997,892,915,1181,6894
北海道,0108,北空知,はい,76,80,79,89,89,112,174,699,34,44,46,63,52,104,200,543
北海道,0108,北空知,いいえ,200,301,274,312,315,262,271,1935,236,257,292,267,281,282,316,1931
北海道,0109,西胆振,はい,522,705,590,524,487,642,1016,4486,232,346,340,323,412,663,1188,3504
北海道,0109,西胆振,いいえ,1659,2304,2093,1793,1623,1332,1392,12196,1365,1776,1774,1566,1334,1314,1627,10756
北海道,0110,東胆振,はい,1035,1158,1005,858,787,922,1301,7066,295,469,429,459,509,840,1327,4328
北海道,0110,東胆振,いいえ,2716,3502,2864,2535,2080,1729,1574,17000,2033,2380,2135,1898,1580,1631,1913,13570
北海道,0111,日高,はい,234,224,183,148,163,153,203,1308,68,100,111,89,120,138,207,833
北海道,0111,日高,いいえ,496,685,611,540,465,388,341,3526,431,541,499,469,399,402,434,3175
北海道,0112,上川中部,はい,1117,1350,1231,1048,1020,722,557,7045,415,605,660,528,535,416,480,3639
北海道,0112,上川中部,いいえ,3435,4303,3876,3407,3061,1900,1119,21101,3006,3619,3428,2723,2017,1142,892,16827
北海道,0113,上川北部,はい,171,231,213,216,223,190,333,1577,70,88,93,99,142,181,316,989
北海道,0113,上川北部,いいえ,481,623,597,582,557,476,452,3768,417,484,448,457,459,470,637,3372
北海道,0114,富良野,はい,155,162,160,152,177,173,295,1274,56,81,84,107,113,175,290,906
北海道,0114,富良野,いいえ,369,471,451,503,432,383,348,2957,407,489,495,428,420,393,506,3138
北海道,0115,留萌,はい,123,149,139,137,119,132,163,962,41,58,65,59,78,112,202,615
北海道,0115,留萌,いいえ,360,527,511,443,436,350,303,2930,315,425,418,396,394,375,440,2763
北海道,0116,宗谷,はい,215,269,215,186,208,196,200,1489,96,112,96,89,124,145,205,867
北海道,0116,宗谷,いいえ,670,875,771,761,641,535,408,4661,538,583,557,524,436,386,402,3426
北海道,0117,北網,はい,682,807,718,641,611,602,909,4970,284,381,402,422,454,616,1078,3637
北海道,0117,北網,いいえ,2105,2719,2402,2268,2124,1398,1233,14249,1762,2183,1969,1953,1703,1412,1545,12527
北海道,0118,遠紋,はい,201,242,229,210,192,171,300,1545,66,99,93,101,99,186,327,971
北海道,0118,遠紋,いいえ,556,734,721,713,620,492,477,4313,427,523,593,564,523,522,663,3815
北海道,0119,十勝,はい,1161,1352,1154,1153,1106,1173,1606,8705,535,672,720,742,794,1132,1848,6443
北海道,0119,十勝,いいえ,3398,4256,3939,3642,3352,2560,2312,23459,2900,3683,3511,3191,2789,2518,2686,21278
北海道,0120,釧路,はい,717,889,782,652,721,762,1063,5586,281,373,385,458,475,721,1102,3795
北海道,0120,釧路,いいえ,2412,3048,2883,2621,2402,1843,1646,16855,1998,2578,2443,2085,1943,1854,1876,14777
北海道,0121,根室,はい,248,299,206,211,167,196,226,1553,113,140,128,137,138,184,233,1073
北海道,0121,根室,いいえ,697,808,734,689,620,443,376,4367,602,639,630,559,514,448,406,3798
青森県,0201,津軽地域,はい,1078,1164,1092,1007,1007,840,812,7000,385,493,530,624,577,585,756,3950
青森県,0201,津軽地域,いいえ,2760,3085,2882,2786,2416,1561,1298,16788,2698,3092,2980,2959,2291,1685,1501,17206
青森県,0202,八戸地域,はい,1482,1709,1507,1437,1426,1471,1817,10849,479,710,801,873,1001,1235,1823,6922
青森県,0202,八戸地域,いいえ,4390,5386,5556,4836,4473,3212,2606,30459,3885,4860,4867,4199,3704,3212,3014,27741
青森県,0203,青森地域,はい,1474,1725,1640,1477,1467,1365,1896,11044,587,828,843,929,1040,1314,2052,7593
青森県,0203,青森地域,いいえ,3896,4832,4472,4326,3950,2775,2635,26886,3833,4576,4158,3909,3408,3011,3564,26459
青森県,0204,西北五地域,はい,368,414,391,403,394,457,597,3024,112,158,207,247,319,513,665,2221
青森県,0204,西北五地域,いいえ,903,1183,1201,1269,1051,1062,1060,7729,987,1196,1319,1347,1405,1448,1514,9216
青森県,0205,上十三地域,はい,805,915,775,741,791,839,993,5859,281,379,403,456,551,778,1060,3908
青森県,0205,上十三地域,いいえ,2168,2493,2392,2121,1994,1546,1411,14125,1888,2294,2184,1936,1859,1685,1696,13542
青森県,0206,下北地域,はい,259,292,265,267,290,293,367,2033,83,114,136,134,176,304,348,1295
青森県,0206,下北地域,いいえ,646,811,756,747,714,610,524,4808,609,798,776,683,686,627,635,4814
岩手県,0301,盛岡,はい,2262,2700,2401,2159,2197,2268,3271,17258,882,1186,1232,1335,1716,2350,3534,12235
岩手県,0301,盛岡,いいえ,7319,8434,7958,7046,6449,4786,4344,46336,6536,7705,7138,6238,5579,5209,5603,44008
岩手県,0302,岩手中部,はい,960,1046,842,811,756,892,1242,6549,289,447,473,462,578,849,1371,4469
岩手県,0302,岩手中部,いいえ,3670,4127,3677,3488,3063,2613,2405,23043,2905,3393,3102,2910,2696,2788,2942,20736
岩手県,0303,胆江,はい,514,632,498,481,516,615,885,4141,171,249,258,300,385,563,988,2914
岩手県,0303,胆江,いいえ,2137,2424,2049,1990,1989,1811,1610,14010,1770,1980,1738,1720,1794,1898,1993,12893
岩手県,0304,両磐,はい,462,518,420,391,399,474,663,3327,154,192,183,216,313,469,717,2244
岩手県,0304,両磐,いいえ,1694,1903,1745,1803,1815,1621,1527,12108,1427,1661,1594,1612,1611,1627,1529,11061
岩手県,0305,気仙,はい,167,222,230,212,200,230,353,1614,71,98,121,130,163,267,406,1256
岩手県,0305,気仙,いいえ,661,908,927,946,796,708,675,5621,607,780,807,851,746,810,849,5450
岩手県,0306,釜石,はい,143,139,139,141,120,197,266,1145,52,52,71,80,107,184,326,872
岩手県,0306,釜石,いいえ,490,639,644,608,524,439,368,3712,415,512,500,493,479,428,499,3326
岩手県,0307,宮古,はい,226,240,266,272,266,332,509,2111,73,133,122,128,210,336,562,1564
岩手県,0307,宮古,いいえ,885,1009,1175,1110,927,854,956,6916,722,877,951,857,910,966,1127,6410
岩手県,0308,久慈,はい,216,256,212,178,209,242,379,1692,77,106,125,103,164,284,444,1303
岩手県,0308,久慈,いいえ,628,768,838,758,858,689,691,5230,607,716,811,713,794,773,775,5189
岩手県,0309,二戸,はい,189,191,196,206,260,269,356,1667,70,91,88,104,157,280,397,1187
岩手県,0309,二戸,いいえ,631,782,810,844,780,844,771,5462,627,705,869,784,827,875,923,5610
宮城県,0401,仙南,はい,802,830,755,709,819,1113,1577,6605,285,388,394,466,715,1101,1526,4875
宮城県,0401,仙南,いいえ,2359,2651,2342,2179,2189,2137,1912,15769,2042,2452,2208,2161,2083,2124,1965,15035
宮城県,0403,仙台,はい,8687,10053,9010,7446,6804,7791,10869,60660,3741,4997,5211,4995,5629,7671,11842,44086
宮城県,0403,仙台,いいえ,24226,28793,26458,21616,18088,13765,12732,145678,22987,26430,23587,19070,16199,14344,15513,138130
宮城県,0406,大崎・栗原,はい,1302,1380,1072,1067,1146,1510,1853,9330,452,562,577,628,808,1240,1705,5972
宮城県,0406,大崎・栗原,いいえ,3984,4156,3661,3706,3894,3395,3066,25862,3462,3848,3506,3449,3648,3638,3257,24808
宮城県,0409,石巻・登米・気仙沼,はい,1495,1607,1362,1311,1400,1797,2668,11640,557,678,724,825,1124,1775,2649,8332
宮城県,0409,石巻・登米・気仙沼,いいえ,4440,5027,4823,4592,4515,4180,4047,31624,3923,4553,4484,4607,4566,4454,4694,31281
秋田県,0501,大館・鹿角,はい,283,319,266,297,344,380,653,2542,94,124,155,155,230,418,765,1941
秋田県,0501,大館・鹿角,いいえ,922,1094,1058,1084,1053,916,846,6973,928,997,977,987,1021,1000,1096,7006
秋田県,0502,北秋田,はい,68,82,76,87,77,146,219,755,13,28,43,44,66,142,242,578
秋田県,0502,北秋田,いいえ,231,299,277,337,304,319,304,2071,204,244,238,252,294,335,364,1931
秋田県,0503,能代・山本,はい,228,281,260,268,289,360,510,2196,95,106,159,175,235,363,611,1744
秋田県,0503,能代・山本,いいえ,775,917,927,911,935,797,710,5972,740,915,971,935,975,931,934,6401
秋田県,0504,秋田周辺,はい,1320,1635,1518,1550,1505,1605,2383,11516,513,709,775,854,1110,1786,2784,8531
秋田県,0504,秋田周辺,いいえ,3864,4774,4483,4116,3654,2862,2748,26501,3680,4235,4101,3519,3393,3392,3896,26216
秋田県,0505,由利本荘・にかほ,はい,292,318,294,285,360,481,666,2696,99,123,150,196,258,501,644,1971
秋田県,0505,由利本荘・にかほ,いいえ,1038,1101,1081,1100,1032,1014,908,7274,983,1110,1124,1075,1106,1169,1063,7630
秋田県,0506,大仙・仙北,はい,331,359,342,348,399,589,861,3229,132,142,150,192,351,701,1007,2675
秋田県,0506,大仙・仙北,いいえ,1029,1159,1102,1099,1212,1155,1252,8008,1011,1091,1107,1135,1319,1545,1472,8680
秋田県,0507,横手,はい,326,325,272,275,340,424,618,2580,113,132,171,190,262,466,621,1955
秋田県,0507,横手,いいえ,977,1076,1004,1048,1041,967,964,7077,1004,1167,1131,1096,1149,1265,1159,7971
秋田県,0508,湯沢・雄勝,はい,165,203,213,214,291,398,482,1966,56,67,85,108,209,375,515,1415
秋田県,0508,湯沢・雄勝,いいえ,591,603,638,698,693,684,678,4585,485,610,676,656,703,762,731,4623
山形県,0601,村山,はい,2478,2713,2388,2138,2252,2321,2821,17111,913,1082,1220,1325,1585,2119,2482,10726
山形県,0601,村山,いいえ,9222,9795,8979,8375,8079,7357,7271,59078,9005,9796,8821,8280,8139,7523,7265,58829
山形県,0602,最上,はい,293,300,231,260,277,265,280,1906,68,111,131,131,206,229,234,1110
山形県,0602,最上,いいえ,1101,1251,1149,1242,1379,1345,1331,8798,1085,1220,1234,1274,1428,1440,1320,9001
山形県,0603,置賜,はい,820,920,723,732,756,804,989,5744,232,322,357,393,476,718,929,3427
山形県,0603,置賜,いいえ,3667,4048,3916,3666,3572,3285,3194,25348,3396,3771,3625,3544,3437,3288,3086,24147
山形県,0604,庄内,はい,1279,1366,1217,1150,1174,1356,1586,9128,388,526,600,663,843,1203,1571,5794
山形県,0604,庄内,いいえ,4351,4938,4682,4492,4615,4197,4207,31482,4433,4994,4793,4687,4714,4665,4825,33111
福島県,0701,県北,はい,2049,2370,2110,2004,2107,2589,3591,16820,743,996,1155,1159,1598,2385,3636,11672
福島県,0701,県北,いいえ,6912,8153,7696,7139,6598,5281,5142,46921,6478,7554,7243,6652,6206,5739,5679,45551
福島県,0702,県中,はい,2207,2474,2180,1916,2119,2424,3357,16677,846,1079,1095,1238,1594,2468,3626,11946
福島県,0702,県中,いいえ,7260,8221,7243,6710,6199,4746,4036,44415,6785,7605,6936,6522,6038,4961,4751,43598
福島県,0703,県南,はい,658,686,593,645,701,933,1134,5350,228,277,283,365,534,857,1252,3796
福島県,0703,県南,いいえ,2272,2464,2126,2128,1949,1648,1484,14071,1989,2206,1907,1785,1993,1748,1495,13123
福島県,0706,相双,はい,492,606,524,470,647,1055,1565,5359,191,268,281,345,588,1099,1483,4255
福島県,0706,相双,いいえ,1656,1895,1653,1698,1788,1827,1738,12255,1454,1644,1621,1634,1977,2021,2078,12429
福島県,0707,いわき,はい,1347,1578,1498,1255,1301,1499,1964,10442,472,682,747,840,932,1341,1933,6947
福島県,0707,いわき,いいえ,4297,5143,4800,4320,3663,2672,2159,27054,3762,4419,4129,3720,3439,2528,2439,24436
福島県,0708,会津・南会津,はい,1057,1192,1033,1069,1168,1459,1927,8905,343,467,536,641,851,1383,1870,6091
福島県,0708,会津・南会津,いいえ,3390,3770,3539,3726,3682,3187,3046,24340,3227,3721,3614,3703,3700,3604,3535,25104
茨城県,0801,水戸,はい,2125,2563,2476,2180,1875,1704,1809,14732,847,1087,1299,1365,1218,1378,1776,8970
茨城県,0801,水戸,いいえ,6185,7439,6918,5604,4457,2785,1964,35352,5264,6279,5851,4764,3704,2720,2166,30748
茨城県,0802,日立,はい,790,1004,987,884,843,655,770,5933,321,479,602,543,517,486,547,3495
茨城県,0802,日立,いいえ,2433,3050,3111,2654,2124,1196,811,15379,2030,2777,2901,2204,1534,878,643,12967
茨城県,0803,常陸太田・ひたちなか,はい,1599,1962,1975,1787,1618,1770,2340,13051,581,843,1057,1020,1119,1533,2238,8391
茨城県,0803,常陸太田・ひたちなか,いいえ,4674,5723,5814,4955,3795,2600,2059,29620,3799,4579,4683,3786,3182,2658,2459,25146
茨城県,0804,鹿行,はい,1068,1293,1240,965,820,947,1140,7473,448,590,633,557,653,801,1074,4756
茨城県,0804,鹿行,いいえ,3608,4353,3788,3074,2488,1775,1259,20345,2731,3163,3044,2482,2119,1674,1546,16759
茨城県,0805,土浦,はい,1184,1476,1403,1275,1134,1284,1675,9431,456,650,740,716,808,1048,1541,5959
茨城県,0805,土浦,いいえ,3424,4177,3944,3212,2413,1954,1599,20723,2666,3473,3259,2697,2330,2008,2155,18588
茨城県,0806,つくば,はい,2059,2362,1923,1601,1345,1428,1955,12673,851,1116,1094,1034,959,1285,1910,8249
茨城県,0806,つくば,いいえ,5560,5814,5132,3916,2960,2025,1856,27263,4808,5273,4403,3285,2642,2275,2140,24826
茨城県,0807,取手・竜ヶ崎,はい,2339,2907,2709,2259,2058,2321,3683,18276,868,1264,1400,1352,1500,2287,3426,12097
茨城県,0807,取手・竜ヶ崎,いいえ,5872,7485,6939,5584,4278,3421,3168,36747,5237,6398,5880,4812,4035,3547,3821,33730
茨城県,0808,筑西・下妻,はい,1078,1206,1053,967,1036,1326,1634,8300,397,489,605,643,836,1225,1655,5850
茨城県,0808,筑西・下妻,いいえ,3259,3937,3587,3001,2648,2159,1539,20130,2733,3396,3246,2790,2493,2323,1784,18765
茨城県,0809,古河・坂東,はい,909,1026,915,784,737,709,718,5798,319,415,479,485,594,646,728,3666
茨城県,0809,古河・坂東,いいえ,2907,3390,3407,2687,2286,1381,947,17005,2181,2811,2703,2072,1742,1271,977,13757
栃木県,0901,県北,はい,1833,2010,1747,1616,1649,2366,3098,14319,661,830,974,1048,1397,2067,3011,9988
栃木県,0901,県北,いいえ,5858,6514,5963,4974,4692,3872,3507,35380,4652,5459,5017,4330,4233,4111,3740,31542
栃木県,0902,県西,はい,722,917,925,756,774,991,1356,6441,210,353,404,449,567,887,1356,4226
栃木県,0902,県西,いいえ,2268,2897,2790,2432,2274,1768,1575,16004,2002,2500,2454,2145,1995,1847,1853,14796
栃木県,0903,宇都宮,はい,3003,3553,3364,2794,2407,2208,2797,20126,1114,1559,1590,1530,1537,1912,3017,12259
栃木県,0903,宇都宮,いいえ,9257,10351,9552,7518,5428,3254,2724,48084,7307,8290,7572,5717,4273,3265,3116,39540
栃木県,0904,県東,はい,739,863,767,680,697,1031,1361,6138,284,303,363,378,570,983,1293,4174
栃木県,0904,県東,いいえ,2443,2670,2284,2054,1923,1639,1443,14456,1796,2180,1930,1721,1791,1732,1603,12753
栃木県,0905,県南,はい,2180,2759,2387,2185,2135,2606,3553,17805,800,1062,1319,1340,1752,2449,3558,12280
栃木県,0905,県南,いいえ,6880,8672,7750,6294,5434,4188,3433,42651,5812,6916,6640,5188,4626,4173,3819,37174
栃木県,0906,両毛,はい,1076,1413,1338,1145,1043,1275,1896,9186,360,597,620,686,747,1275,2057,6342
栃木県,0906,両毛,いいえ,3483,4199,4071,3422,2751,1982,1701,21609,2584,3243,3235,2708,2345,2054,2075,18244
群馬県,1001,前橋,はい,1827,2085,1995,1728,1744,1945,2588,13912,624,959,1081,1192,1278,1921,2861,9916
群馬県,1001,前橋,いいえ,4835,5875,5544,4570,3693,2865,2680,30062,4029,5065,4896,4136,3385,3083,3442,28036
群馬県,1002,渋川,はい,554,605,574,458,550,647,861,4249,181,250,346,306,374,606,930,2993
群馬県,1002,渋川,いいえ,1447,1699,1567,1396,1390,1064,959,9522,1259,1473,1441,1196,1151,1064,1111,8695
群馬県,1003,伊勢崎,はい,1294,1533,1470,1275,1169,1405,2003,10149,474,678,814,755,842,1357,2270,7190
群馬県,1003,伊勢崎,いいえ,3657,4510,4256,3514,2829,1875,1720,22361,3069,3759,3640,2861,2318,2081,2325,20053
群馬県,1004,高崎・安中,はい,2096,2627,2636,2273,2009,2283,3218,17142,789,1256,1461,1441,1552,2363,3857,12719
群馬県,1004,高崎・安中,いいえ,5903,7448,7233,5729,4409,3130,2845,36697,4900,6281,6108,4903,3740,3288,3614,32834
群馬県,1005,藤岡,はい,248,375,325,294,302,380,623,2547,92,159,200,192,248,399,688,1978
群馬県,1005,藤岡,いいえ,825,1085,1020,880,735,558,568,5671,606,868,872,749,647,596,683,5021
群馬県,1006,富岡,はい,275,370,328,317,395,524,717,2926,91,163,188,241,303,494,749,2229
群馬県,1006,富岡,いいえ,787,984,950,944,823,737,680,5905,700,941,935,832,797,814,841,5860
群馬県,1007,吾妻,はい,187,239,237,258,266,340,495,2022,65,105,135,152,194,302,521,1474
群馬県,1007,吾妻,いいえ,502,715,748,678,767,685,681,4776,462,619,676,658,680,630,692,4417
群馬県,1008,沼田,はい,272,343,370,363,401,560,753,3062,117,165,218,213,332,497,735,2277
群馬県,1008,沼田,いいえ,846,1085,1101,1053,1027,947,896,6955,785,1076,988,1057,1036,1035,1044,7021
群馬県,1009,桐生,はい,690,875,835,727,722,811,1351,6011,212,377,446,425,553,829,1551,4393
群馬県,1009,桐生,いいえ,1848,2440,2513,2042,1711,1304,1504,13362,1581,2142,2245,1789,1554,1560,1898,12769
群馬県,1010,太田・館林,はい,2169,2416,2237,1770,1487,1870,3246,15195,627,953,1126,1025,1183,2066,3528,10508
群馬県,1010,太田・館林,いいえ,6179,7270,6752,5305,3805,3008,3102,35421,4248,5549,5045,3851,3243,3232,3912,29080
埼玉県,1101,南部,はい,4432,5315,5193,4143,3063,2743,3883,28772,1704,2428,2779,2511,2201,2561,4538,18722
埼玉県,1101,南部,いいえ,12222,14195,13780,10364,7081,4681,4372,66695,9837,11626,11004,8323,5802,4180,5216,55988
埼玉県,1102,南西部,はい,3907,4801,4761,3944,2951,2942,4441,27747,1572,2339,2652,2598,2234,2940,5462,19797
埼玉県,1102,南西部,いいえ,11202,13029,12610,9739,6510,4443,4725,62258,9710,11338,10965,8115,5436,4436,5899,55899
埼玉県,1103,東部,はい,5626,7159,6804,5490,4197,4502,7699,41477,2433,3482,3961,3656,3410,5080,9522,31544
埼玉県,1103,東部,いいえ,15253,19303,18438,13458,9580,7099,7499,90630,13372,16517,15825,11496,8520,7591,10094,83415
埼玉県,1104,さいたま,はい,7092,8748,8773,7309,5944,5109,7061,50036,2737,3900,4532,4517,3941,4641,7479,31747
埼玉県,1104,さいたま,いいえ,20398,23506,22787,17909,13007,8286,7910,113803,17099,19578,19110,14466,10294,7783,9413,97743
埼玉県,1105,県央,はい,2491,3318,3261,2713,2426,2811,4583,21603,933,1424,1796,1684,1794,2783,5310,15724
埼玉県,1105,県央,いいえ,7479,9350,9229,7160,5433,4015,4031,46697,5854,7600,7598,5815,4482,4169,5372,40890
埼玉県,1106,川越比企,はい,3834,4904,4755,3876,3638,4075,6341,31423,1422,2054,2440,2424,2739,4027,6795,21901
埼玉県,1106,川越比企,いいえ,11198,13728,13009,10058,7847,5886,6006,67732,8669,10765,10333,7990,6653,5964,7117,57491
埼玉県,1107,西部,はい,3497,4493,4543,3902,3467,3727,5614,29243,1441,1976,2420,2426,2532,3468,5831,20094
埼玉県,1107,西部,いいえ,9855,12752,12554,10024,7806,5656,5594,64241,8586,10701,10379,8301,6445,5494,6429,56335
埼玉県,1108,利根,はい,2698,3375,3196,2678,2717,3521,5228,23413,984,1437,1708,1801,2099,3424,5808,17261
埼玉県,1108,利根,いいえ,8012,10335,9645,7673,6585,5112,4923,52285,6460,8013,7613,6294,5580,5266,6113,45339
埼玉県,1109,北部,はい,2362,2755,2579,2253,2199,2549,3204,17901,840,1199,1416,1474,1621,2232,3250,12032
埼玉県,1109,北部,いいえ,6832,8158,7889,6456,5304,4052,3611,42302,5609,6960,6671,5574,4793,4028,3994,37629
埼玉県,1110,秩父,はい,337,433,428,450,475,608,857,3588,125,205,243,283,348,565,812,2581
埼玉県,1110,秩父,いいえ,948,1128,1273,1096,1070,911,734,7160,802,1081,1096,990,970,927,828,6694
千葉県,1201,千葉,はい,4631,6181,6552,5221,4145,3596,5519,35845,1839,2896,3494,3077,2794,3519,6348,23967
千葉県,1201,千葉,いいえ,13504,17238,17582,13295,9311,5738,5591,82259,11215,14032,14288,10566,7358,5613,7253,70325
千葉県,1202,東葛南部,はい,9515,11949,11856,9532,6675,5354,7199,62080,3992,5589,6452,5707,4674,5024,8000,39438
千葉県,1202,東葛南部,いいえ,26278,31404,31227,23309,15243,8817,7511,143789,22862,27196,26171,18704,12075,8021,8762,123791
千葉県,1203,東葛北部,はい,7129,8961,8611,6974,5749,5851,8795,52070,2910,4327,4804,4508,4122,5925,10318,36914
千葉県,1203,東葛北部,いいえ,20221,23681,22614,16969,12222,8379,8372,112458,17340,20030,18931,14297,10557,8792,10717,100664
千葉県,1204,印旛,はい,3306,4031,3704,3117,3050,3886,5424,26518,1469,1955,2249,2187,2592,3659,5321,19432
千葉県,1204,印旛,いいえ,8902,10580,10181,7874,6722,5374,4952,54585,7825,9395,8633,6865,6033,5416,5360,49527
千葉県,1205,香取海匝,はい,924,985,1065,948,1066,1506,2237,8731,334,417,534,663,954,1440,2221,6563
千葉県,1205,香取海匝,いいえ,2478,3270,3208,2896,2852,2491,2512,19707,2143,2652,2904,2697,2894,3074,3230,19594
千葉県,1206,山武長生夷隅,はい,1615,1913,1845,1650,1810,2262,3295,14390,540,799,967,967,1332,2000,3016,9621
千葉県,1206,山武長生夷隅,いいえ,4246,5517,5491,4889,4555,4132,4069,32899,3749,4624,4877,4533,4374,4204,4313,30674
千葉県,1207,安房,はい,352,471,428,362,408,505,693,3219,139,199,230,245,287,453,698,2251
千葉県,1207,安房,いいえ,996,1266,1393,1140,1087,883,855,7620,1023,1332,1302,1046,1023,1003,1121,7850
千葉県,1208,君津,はい,1338,1647,1527,1321,1378,1992,2867,12070,531,749,883,908,1048,1743,2838,8700
千葉県,1208,君津,いいえ,4417,5399,4992,3952,3455,2937,2971,28123,3282,3943,3801,3062,2692,3004,3733,23517
千葉県,1209,市原,はい,1075,1270,1229,1069,1026,1574,2254,9497,437,626,742,725,868,1458,2237,7093
千葉県,1209,市原,いいえ,2925,3946,3780,2910,2498,2281,2080,20420,2563,3240,3129,2512,2344,2388,2636,18812
東京都,1301,区中央部,はい,10488,12061,11846,10051,6902,3932,3842,59122,5124,6121,6266,5068,3699,3115,4413,33806
東京都,1301,区中央部,いいえ,26708,28891,26875,21167,13325,5964,4686,127616,21987,23094,20307,14056,8732,5000,5587,98763
東京都,1302,区南部,はい,7950,9266,9593,7665,5309,3883,5259,48925,3897,5080,5376,4509,3670,3922,6194,32648
東京都,1302,区南部,いいえ,20315,22601,21971,16405,10948,6558,6642,105440,19187,20901,18755,13180,8752,6619,8318,95712
東京都,1303,区西南部,はい,8864,10053,9903,8772,6249,4752,5959,54552,5465,6888,7311,6648,5409,5138,7604,44463
東京都,1303,区西南部,いいえ,20037,20740,18823,15648,10837,6486,6543,99114,22991,24400,21724,15956,10853,7679,9417,113020
東京都,1304,区西部,はい,8025,8982,8464,7414,5553,4287,5543,48268,4426,5447,5938,5547,4714,4574,7054,37700
東京都,1304,区西部,いいえ,20432,20706,19017,15042,10432,6790,6541,98960,20876,21989,19784,15000,10503,7335,8603,104090
東京都,1305,区西北部,はい,10861,12486,12394,10486,8481,7394,9950,72052,5382,7012,7904,7582,6915,7763,12536,55094
東京都,1305,区西北部,いいえ,30046,31961,29857,23924,17908,11996,11953,157645,28579,31655,30074,23577,17908,13842,15977,161612
東京都,1306,区東北部,はい,6849,8470,8413,6669,5200,5084,7739,48424,3112,4317,5007,4681,4317,5385,9233,36052
東京都,1306,区東北部,いいえ,18113,21408,20413,16168,11981,8932,9761,106776,17153,19925,19528,15712,11648,9759,12501,106226
東京都,1307,区東部,はい,9970,12132,12226,9709,6591,5545,7670,63843,4754,6165,6747,5650,4524,5408,9340,42588
東京都,1307,区東部,いいえ,24594,28616,28560,21436,13852,9058,9447,135563,22730,25914,24939,17424,11994,9669,12588,125258
東京都,1308,西多摩,はい,1658,2158,2333,1983,1733,2177,3818,15860,751,1072,1341,1391,1386,2256,4113,12310
東京都,1308,西多摩,いいえ,4422,5670,6229,5028,3993,3320,3707,32369,3942,5176,5456,4444,3800,3606,4714,31138
東京都,1309,南多摩,はい,7171,9050,9687,8393,6515,6869,11316,59001,3248,4768,5930,5531,5416,7262,13228,45383
東京都,1309,南多摩,いいえ,18879,23114,24295,19283,13435,9571,10865,119442,17485,21389,21462,16663,12485,11051,14393,114928
東京都,1310,北多摩西部,はい,3355,4141,4163,3759,3041,2927,4470,25856,1428,2085,2548,2486,2307,2972,5399,19225
東京都,1310,北多摩西部,いいえ,9252,10794,10830,9181,6434,4423,4813,55727,8086,9348,9304,7505,5577,4735,6130,50685
東京都,1311,北多摩南部,はい,6136,7136,7456,6853,5072,4559,6704,43916,3129,4260,5024,4647,4136,4751,7695,33642
東京都,1311,北多摩南部,いいえ,16104,17052,16779,13934,9678,6447,6998,86992,15846,17161,16445,12823,9344,7404,9066,88089
東京都,1312,北多摩北部,はい,3789,4694,4807,4454,3640,3569,5335,30288,1829,2667,3101,3132,3067,3806,6612,24214
東京都,1312,北多摩北部,いいえ,10299,11633,11752,9943,7322,5037,5397,61383,9629,10926,11203,9227,6922,5662,6897,60466
東京都,1313,島しょ,はい,139,159,153,147,105,141,201,1045,74,88,95,64,88,114,166,689
東京都,1313,島しょ,いいえ,221,263,270,245,213,205,204,1621,266,279,268,199,219,233,254,1718
神奈川県,1404,川崎北部,はい,4866,5808,6137,5379,3610,2802,3405,32007,2105,3068,3704,3288,2667,2497,3721,21050
神奈川県,1404,川崎北部,いいえ,13497,15070,15141,12185,7597,4325,3919,71734,12294,13542,13175,9776,6316,4081,4554,63738
神奈川県,1405,川崎南部,はい,4284,5250,4884,3845,2530,1899,2061,24753,1833,2321,2459,2115,1625,1450,1999,13802
神奈川県,1405,川崎南部,いいえ,12614,14003,12653,9143,6055,3421,2830,60719,10307,10776,9554,6723,4272,2836,3040,47508
神奈川県,1406,横須賀・三浦,はい,3114,4423,4782,4023,3463,3021,4269,27095,1531,2401,2741,2474,2311,2821,4494,18773
神奈川県,1406,横須賀・三浦,いいえ,7117,9831,10432,8881,6732,4429,4487,51909,6764,8856,9421,7263,5380,4343,5390,47417
神奈川県,1407,湘南東部,はい,4400,5624,5483,4689,3517,2889,4802,31404,1925,2608,2983,2782,2470,3026,5727,21521
神奈川県,1407,湘南東部,いいえ,9882,11950,12405,9908,6748,4094,4409,59396,8911,10800,10351,7654,5379,4342,6149,53586
神奈川県,1408,湘南西部,はい,2777,3403,3449,3009,2607,2647,4391,22283,1167,1781,1889,1937,1809,2591,4772,15946
神奈川県,1408,湘南西部,いいえ,7144,8882,9087,7579,5449,3798,4055,45994,5859,7293,7278,5623,4402,3798,4927,39180
神奈川県,1409,県央,はい,4549,5633,5554,4638,3642,3345,5497,32858,1767,2623,3065,2764,2547,3286,6604,22656
神奈川県,1409,県央,いいえ,12239,15057,15191,11906,8116,5089,5446,73044,9220,11723,11279,8399,6041,5046,7008,58716
神奈川県,1410,相模原,はい,3574,4388,4522,3800,3001,2626,3980,25891,1452,2208,2476,2384,2038,2391,4298,17247
神奈川県,1410,相模原,いいえ,9852,11932,11981,9569,6475,4086,3693,57588,7958,9456,9453,7314,5192,3804,4487,47664
神奈川県,1411,県西,はい,1678,2071,2146,1996,1606,1372,2180,13049,553,865,998,964,972,1381,2459,8192
神奈川県,1411,県西,いいえ,4407,5472,5679,4900,3446,2175,2240,28319,3341,4212,4325,3295,2653,2218,2771,22815
神奈川県,1412,横浜,はい,20512,25663,27787,24086,18070,13950,17503,147571,9112,13182,16283,15025,12158,12138,17109,95007
神奈川県,1412,横浜,いいえ,54906,66088,67960,54226,36439,21237,18064,318920,47516,56691,56565,41819,28176,18394,20003,269164
新潟県,1501,下越,はい,1000,1115,1041,975,969,1200,1657,7957,391,510,569,578,749,1239,1859,5895
新潟県,1501,下越,いいえ,2887,3297,3329,3136,2891,2555,2624,20719,2616,3150,3143,2869,2718,2679,2765,19940
新潟県,1502,新潟,はい,4640,5323,4753,4092,3774,3978,5552,32112,1626,2114,2315,2310,2694,3858,6067,20984
新潟県,1502,新潟,いいえ,14112,17222,15760,13339,11098,8659,8131,88321,12387,15090,13553,11749,9787,8598,9759,80923
新潟県,1503,県央,はい,1019,1201,1105,941,894,1089,1395,7644,338,528,536,621,716,1041,1387,5167
新潟県,1503,県央,いいえ,3464,4174,4046,3561,3117,2480,2278,23120,2976,3714,3635,3160,2695,2500,2498,21178
新潟県,1504,中越,はい,2245,2514,2296,1952,1906,2171,3257,16341,879,1255,1351,1438,1650,2505,3738,12816
新潟県,1504,中越,いいえ,7051,8218,7639,6914,6122,4662,4566,45172,6436,7655,6986,6132,5452,4679,5198,42538
新潟県,1505,魚沼,はい,717,774,719,624,726,921,1353,5834,343,372,470,469,571,941,1261,4427
新潟県,1505,魚沼,いいえ,2389,2709,2522,2486,2581,2550,2447,17684,2185,2541,2395,2257,2239,2331,2199,16147
新潟県,1506,上越,はい,1035,1177,1094,958,1010,1157,1744,8175,397,531,622,662,787,1236,1820,6055
新潟県,1506,上越,いいえ,4347,5222,4896,4514,4181,3429,3242,29831,3629,4628,4212,3811,3413,3024,3227,25944
新潟県,1507,佐渡,はい,240,238,221,223,246,281,370,1819,95,103,127,112,159,232,392,1220
新潟県,1507,佐渡,いいえ,665,746,850,827,866,798,934,5686,619,729,705,719,823,799,896,5290
富山県,1601,新川,はい,510,594,592,457,489,551,830,4023,180,223,285,283,396,588,1088,3043
富山県,1601,新川,いいえ,1891,2486,2330,1948,1703,1279,1207,12844,1642,2249,2121,1895,1433,1321,1665,12326
富山県,1602,富山,はい,2297,2947,2790,2268,1961,1914,2695,16872,840,1225,1406,1458,1426,1823,3021,11199
富山県,1602,富山,いいえ,8483,10759,10023,7768,6133,4301,3882,51349,7173,9106,8478,6619,5268,4218,4712,45574
富山県,1603,高岡,はい,1160,1635,1420,1173,1085,1332,2443,10248,418,656,787,709,880,1482,2850,7782
富山県,1603,高岡,いいえ,5228,6677,6115,4995,4037,3271,3653,33976,4028,5470,5293,4290,3728,3552,4937,31298
富山県,1604,砺波,はい,460,587,480,446,474,552,1067,4066,170,248,264,317,347,624,1146,3116
富山県,1604,砺波,いいえ,1872,2361,2125,1853,1766,1504,1741,13222,1644,2111,1977,1764,1784,1846,2246,13372
石川県,1701,南加賀,はい,988,1385,1196,967,913,942,1626,8017,371,563,597,614,701,991,1842,5679
石川県,1701,南加賀,いいえ,3291,4315,3728,3133,2445,1789,1994,20695,2988,3886,3665,3061,2468,2083,2601,20752
石川県,1702,石川中央,はい,3289,4127,3968,3234,2862,2699,4182,24361,1250,1965,2137,1987,2188,2897,4995,17419
石川県,1702,石川中央,いいえ,11241,13905,12488,9648,7572,5329,5258,65441,10056,12339,11190,8803,7046,5533,6628,61595
石川県,1703,能登中部,はい,395,483,416,363,433,568,932,3590,128,209,215,235,356,642,1099,2884
石川県,1703,能登中部,いいえ,1248,1693,1555,1414,1253,1133,1391,9687,1138,1596,1461,1415,1315,1435,1777,10137
石川県,1704,能登北部,はい,158,204,165,167,254,323,591,1862,58,70,69,84,145,296,635,1357
石川県,1704,能登北部,いいえ,483,699,687,743,710,729,839,4890,504,644,712,710,768,830,1029,5197
福井県,1801,福井・坂井,はい,1800,2194,1926,1711,1510,1092,1211,11444,601,830,1056,1047,938,846,976,6294
福井県,1801,福井・坂井,いいえ,5960,7142,6690,5599,4597,2894,1989,34871,5019,6254,5827,4816,3752,2272,1712,29652
福井県,1802,奥越,はい,231,325,205,196,199,225,306,1687,83,106,118,114,165,241,343,1170
福井県,1802,奥越,いいえ,759,832,834,780,763,675,567,5210,753,841,838,860,765,682,615,5354
福井県,1803,丹南,はい,813,947,785,687,589,514,665,5000,254,333,404,393,404,467,722,2977
福井県,1803,丹南,いいえ,3089,3551,3147,2655,2143,1375,1172,17132,2594,3027,2844,2383,1976,1358,1380,15562
福井県,1804,嶺南,はい,599,662,660,596,594,603,736,4450,167,271,294,316,326,478,742,2594
福井県,1804,嶺南,いいえ,1791,2121,1989,1810,1646,1231,1130,11718,1399,1823,1664,1495,1310,1244,1345,10280
山梨県,1901,中北,はい,2073,2434,2491,2352,2219,2418,3048,17035,820,1196,1445,1527,1675,2280,3202,12145
山梨県,1901,中北,いいえ,7018,8501,8184,6988,5396,4418,4113,44618,6425,8031,7651,6595,5674,5040,5086,44502
山梨県,1902,峡東,はい,535,663,714,630,594,656,838,4630,224,321,392,392,445,604,801,3179
山梨県,1902,峡東,いいえ,1799,2289,2355,1978,1790,1518,1564,13293,1778,2211,2312,2044,1779,1733,1681,13538
山梨県,1903,峡南,はい,192,220,230,254,253,311,484,1944,89,95,128,157,203,295,471,1438
山梨県,1903,峡南,いいえ,620,765,825,792,845,810,769,5426,543,771,815,832,815,847,887,5510
山梨県,1904,富士・東部,はい,654,787,812,876,796,893,1118,5936,266,399,522,542,618,791,1146,4284
山梨県,1904,富士・東部,いいえ,2267,2671,3047,2896,2479,1908,1654,16922,1989,2425,2736,2624,2296,1923,1638,15631
長野県,2001,佐久,はい,932,1009,984,928,902,1069,1475,7299,401,536,622,657,739,1043,1553,5551
長野県,2001,佐久,いいえ,2966,3364,3260,2930,2641,2069,2053,19283,2642,2951,2925,2636,2394,2102,2172,17822
長野県,2002,上小,はい,805,1024,956,808,725,857,1174,6349,336,482,544,552,657,909,1379,4859
長野県,2002,上小,いいえ,2631,3370,3135,2662,2196,1688,1523,17205,2215,2828,2745,2362,2064,1664,1790,15668
長野県,2003,諏訪,はい,872,1113,1059,860,803,891,1384,6982,336,544,584,589,665,892,1633,5243
長野県,2003,諏訪,いいえ,2789,3562,3483,2765,2137,1680,1766,18182,2454,3342,3187,2503,2123,1794,2100,17503
長野県,2004,上伊那,はい,1018,1170,1062,877,865,933,1330,7255,410,588,613,692,704,952,1589,5548
長野県,2004,上伊那,いいえ,2821,3661,3341,2832,2499,1872,1952,18978,2573,3267,3115,2549,2272,1968,2167,17911
長野県,2005,飯伊,はい,875,996,880,795,656,748,895,5845,387,516,592,616,671,771,923,4476
長野県,2005,飯伊,いいえ,2276,2642,2681,2387,2061,1832,1663,15542,2040,2464,2312,2156,1993,1776,1703,14444
長野県,2006,木曽,はい,102,111,105,145,111,165,243,982,45,42,61,78,97,147,256,726
長野県,2006,木曽,いいえ,297,415,426,448,389,423,492,2890,275,295,335,352,371,374,503,2505
長野県,2007,松本,はい,2128,2595,2430,2051,1630,1490,1761,14085,803,1108,1353,1286,1210,1375,1865,9000
長野県,2007,松本,いいえ,6480,8024,7716,6156,4622,3256,2796,39050,5343,6884,6518,5275,4192,3015,2928,34155
長野県,2008,大北,はい,246,327,354,297,276,311,473,2284,107,159,184,203,225,291,502,1671
長野県,2008,大北,いいえ,754,964,932,891,755,633,695,5624,626,892,893,845,720,598,667,5241
長野県,2009,長野,はい,2538,3079,3071,2760,2366,2395,3601,19810,951,1371,1691,1715,1805,2652,4261,14446
長野県,2009,長野,いいえ,8397,10341,10016,8188,6821,5159,5173,54095,7087,9231,8906,7541,6104,5348,6278,50495
長野県,2010,北信,はい,339,398,348,332,373,438,622,2850,118,184,192,242,253,420,555,1964
長野県,2010,北信,いいえ,1184,1407,1421,1394,1238,1115,1146,8905,1163,1438,1362,1365,1300,1115,1158,8901
岐阜県,2101,岐阜,はい,3082,4003,3794,3295,2664,2306,3193,22337,1141,1757,2089,1979,1846,2084,3228,14124
岐阜県,2101,岐阜,いいえ,11566,14179,13651,10615,7950,5079,4158,67198,9062,11522,11320,8770,6558,4559,4658,56449
岐阜県,2102,西濃,はい,1470,1748,1621,1460,1313,1475,2243,11330,528,656,818,862,976,1431,2432,7703
岐阜県,2102,西濃,いいえ,5319,6743,6435,5291,4425,3370,3258,34841,4084,5339,5144,4474,3953,3429,3956,30379
岐阜県,2103,中濃,はい,1630,1928,1724,1458,1536,1816,2682,12774,593,828,899,954,1137,1767,2617,8795
岐阜県,2103,中濃,いいえ,5382,6619,6163,5076,4519,3590,3355,34704,4073,5178,5160,4541,4175,3535,3484,30146
岐阜県,2104,東濃,はい,1707,1986,1881,1746,1521,1630,2198,12669,571,804,890,988,1118,1564,2362,8297
岐阜県,2104,東濃,いいえ,4513,5774,5650,4934,4141,3164,2904,31080,3737,4810,4966,4381,3983,3141,3603,28621
岐阜県,2105,飛騨,はい,704,841,737,661,603,756,1179,5481,267,348,402,439,448,692,1101,3697
岐阜県,2105,飛騨,いいえ,2018,2555,2530,2254,2060,1625,1956,14998,1844,2425,2430,2189,2020,1917,2336,15161
静岡県,2201,賀茂,はい,199,263,294,262,219,279,449,1965,80,122,149,160,136,251,511,1409
静岡県,2201,賀茂,いいえ,465,656,789,687,623,554,541,4315,410,606,659,561,584,611,673,4104
静岡県,2202,熱海伊東,はい,255,365,454,418,442,549,986,3469,129,160,263,293,414,575,1249,3083
静岡県,2202,熱海伊東,いいえ,678,1098,1176,1039,988,780,1049,6808,721,1067,1203,1056,943,989,1527,7506
静岡県,2203,駿東田方,はい,3328,4046,3884,3538,2872,2537,3099,23304,1241,1674,2108,2016,1918,2108,3303,14368
静岡県,2203,駿東田方,いいえ,8853,10965,10952,8880,6829,4376,3755,54610,7227,9360,9022,7473,5752,4424,4433,47691
静岡県,2204,富士,はい,2040,2480,2441,2064,1765,1854,2515,15159,669,944,1175,1159,1283,1615,2618,9463
静岡県,2204,富士,いいえ,5909,7073,7072,5851,4550,3058,2802,36315,4453,5744,5778,4859,3782,3151,3186,30953
静岡県,2205,静岡,はい,3614,4614,4706,4078,3537,3370,4597,28516,1517,2073,2512,2469,2578,2945,4376,18470
静岡県,2205,静岡,いいえ,9435,12112,12137,9742,7826,5402,5194,61848,8522,10716,10797,8646,6778,5225,5726,56410
静岡県,2206,志太榛原,はい,2278,2637,2510,2147,2127,2033,2782,16514,840,1166,1227,1301,1437,1774,2763,10508
静岡県,2206,志太榛原,いいえ,6527,8009,7449,6322,5311,3687,3149,40454,5719,6873,6515,5491,4774,3584,3465,36421
静岡県,2207,中東遠,はい,2729,3113,2800,2465,2492,2494,3279,19372,977,1320,1416,1437,1671,2174,3045,12040
静岡県,2207,中東遠,いいえ,8085,9110,7849,6519,5581,3971,3472,44587,6548,7517,6668,5500,5240,4270,4071,39814
静岡県,2208,西部,はい,5130,5936,5783,5147,4669,4133,5493,36291,1813,2512,3251,3016,3030,3532,5256,22410
静岡県,2208,西部,いいえ,13694,15999,15543,12611,9864,6588,5921,80220,11547,13974,13487,10478,8744,6662,6587,71479
愛知県,2302,海部,はい,1400,1894,1878,1464,1166,1220,2084,11106,483,765,896,817,878,1186,2540,7565
愛知県,2302,海部,いいえ,4370,6105,6077,4580,3247,2329,2591,29299,3348,4677,4591,3507,2772,2510,3554,24959
愛知県,2304,尾張東部,はい,3067,3574,3430,2781,2248,1916,3253,20269,1130,1534,1816,1701,1598,2064,3726,13569
愛知県,2304,尾張東部,いいえ,7319,8924,8755,6463,4644,3038,3268,42411,6300,7460,7109,5146,3849,3239,4288,37391
愛知県,2305,尾張西部,はい,2237,2991,2845,2345,1964,2202,3675,18259,852,1426,1687,1549,1657,2311,4413,13895
愛知県,2305,尾張西部,いいえ,7372,9731,9630,7701,5435,4074,4573,48516,6364,8304,8303,6615,5040,4514,6055,45195
愛知県,2306,尾張北部,はい,3418,4357,4296,3379,2663,2721,4464,25298,1289,1979,2264,2002,1947,2874,5285,17640
愛知県,2306,尾張北部,いいえ,10245,13299,12812,9668,6741,4679,4802,62246,7942,10437,10125,7403,5447,4768,6193,52315
愛知県,2307,知多半島,はい,3445,4254,4006,3372,2684,2709,4604,25074,1402,1985,2196,2004,2003,2617,5010,17217
愛知県,2307,知多半島,いいえ,10260,12791,11768,9391,6912,5086,5594,61802,8067,9897,9423,7385,5976,5555,7100,53403
愛知県,2308,西三河北部,はい,4520,4940,5142,4505,3517,2204,3293,28121,1482,2005,2281,1955,1714,2164,3379,14980
愛知県,2308,西三河北部,いいえ,7715,8871,8480,6457,4547,2914,2976,41960,6085,7332,6963,4985,3750,3079,3684,35878
愛知県,2309,西三河南部西,はい,3825,4507,4371,3734,2931,2774,4093,26235,1375,2028,2313,2255,1937,2515,4033,16456
愛知県,2309,西三河南部西,いいえ,11449,13462,13488,10702,7640,4663,4873,66277,9071,10686,10469,8116,5797,4873,5515,54527
愛知県,2310,西三河南部東,はい,2437,2690,2693,2270,1954,1922,3059,17025,944,1248,1431,1400,1453,1902,3172,11550
愛知県,2310,西三河南部東,いいえ,6947,8234,7983,6474,4993,3664,3944,42239,5867,6853,6321,5091,4296,3926,4574,36928
愛知県,2311,東三河北部,はい,252,276,229,213,249,295,534,2048,87,95,104,124,182,312,570,1474
愛知県,2311,東三河北部,いいえ,651,759,750,689,638,602,628,4717,463,628,586,582,656,642,731,4288
愛知県,2312,東三河南部,はい,3641,4049,4045,3420,2928,2708,3883,24674,1187,1652,2011,1881,2062,2579,4339,15711
愛知県,2312,東三河南部,いいえ,8508,10714,10613,8443,6653,4537,4486,53954,6899,8487,8243,6734,5802,4890,5728,46783
愛知県,2313,名古屋・尾張中部,はい,13615,15773,15248,12898,9856,8296,11124,86810,5047,6965,8226,7557,6883,7345,11462,53485
愛知県,2313,名古屋・尾張中部,いいえ,37447,43363,42288,33072,24035,15173,14335,209713,30625,35352,34088,26423,19365,14371,16815,177039
三重県,2401,北勢,はい,4242,5422,5189,4507,3699,3801,6147,33007,1589,2469,2838,2761,2736,3649,6363,22405
三重県,2401,北勢,いいえ,12757,16376,16202,13064,9663,6606,7068,81736,10151,12862,12636,10043,7983,7322,9474,70471
三重県,2402,中勢伊賀,はい,2047,2572,2321,1982,2000,2337,3190,16449,881,1163,1288,1308,1585,2106,3393,11724
三重県,2402,中勢伊賀,いいえ,6171,7335,7177,5927,5185,3857,3898,39550,5107,6265,6116,5181,4752,4291,4956,36668
三重県,2403,南勢志摩,はい,1837,2254,2228,1962,1876,2150,3357,15664,658,1001,1157,1162,1403,2157,3524,11062
三重県,2403,南勢志摩,いいえ,5518,7105,6923,6178,5202,4265,4546,39737,4865,6368,6323,5688,5170,5175,6272,39861
三重県,2404,東紀州,はい,243,326,313,273,273,360,561,2349,80,115,143,152,208,344,627,1669
三重県,2404,東紀州,いいえ,579,823,826,797,729,752,807,5313,527,696,748,768,812,831,1187,5569
滋賀県,2501,大津,はい,1964,2476,2263,1930,1775,1735,2307,14450,932,1278,1411,1419,1467,1550,2402,10459
滋賀県,2501,大津,いいえ,4935,5883,5619,4681,3659,2467,2396,29640,5078,5835,5625,4399,3478,2481,2803,29699
滋賀県,2502,湖南,はい,2192,2603,2279,1779,1337,1382,2169,13741,952,1307,1328,1092,1101,1447,2497,9724
滋賀県,2502,湖南,いいえ,5761,6573,5845,4528,3123,2132,2055,30017,5347,6024,5144,3618,2687,2223,2811,27854
滋賀県,2503,甲賀,はい,850,952,854,704,723,798,1174,6055,333,373,402,483,585,774,1255,4205
滋賀県,2503,甲賀,いいえ,2240,2614,2440,2030,1769,1343,1371,13807,1780,2155,1945,1707,1672,1392,1579,12230
滋賀県,2504,東近江,はい,1219,1340,1160,1021,957,993,1443,8133,505,622,666,726,776,1028,1451,5774
滋賀県,2504,東近江,いいえ,3536,3868,3475,2894,2567,1902,1803,20045,2962,3291,2982,2658,2390,1978,2100,18361
滋賀県,2505,湖東,はい,777,897,778,626,613,618,757,5066,275,438,456,452,460,577,845,3503
滋賀県,2505,湖東,いいえ,2369,2676,2377,1898,1620,1146,1023,13109,1961,2236,2085,1716,1565,1270,1219,12052
滋賀県,2506,湖北,はい,749,796,712,640,581,627,834,4939,302,368,459,424,500,604,770,3427
滋賀県,2506,湖北,いいえ,2216,2681,2533,2184,1860,1319,1160,13953,2001,2316,2292,2096,1768,1454,1395,13322
滋賀県,2507,湖西,はい,173,178,195,203,208,193,224,1374,57,107,113,141,135,188,256,997
滋賀県,2507,湖西,いいえ,510,646,704,631,650,388,347,3876,538,617,680,685,617,398,423,3958
京都府,2601,丹後,はい,338,431,442,390,382,495,707,3185,139,204,223,244,321,483,733,2347
京都府,2601,丹後,いいえ,1109,1525,1517,1435,1314,976,988,8864,1001,1445,1499,1384,1243,1039,1071,8682
京都府,2602,中丹,はい,798,1016,848,731,787,798,1325,6303,280,473,501,503,631,753,1537,4678
京都府,2602,中丹,いいえ,2276,2890,2757,2364,2032,1610,1657,15586,1932,2575,2450,2005,1902,1567,1963,14394
京都府,2603,南丹,はい,555,673,603,525,605,657,1048,4666,204,278,363,399,526,694,1091,3555
京都府,2603,南丹,いいえ,1659,1936,1820,1591,1432,1219,1188,10845,1438,1826,1754,1565,1466,1159,1356,10564
京都府,2604,京都・乙訓,はい,7229,9142,9062,7412,6628,5385,7334,52192,3385,4633,5077,4879,4609,5079,8017,35679
京都府,2604,京都・乙訓,いいえ,18825,22805,21990,17457,13042,8411,8339,110869,18303,21564,20505,16042,11366,7999,9246,105025
京都府,2605,山城北,はい,2041,2792,2564,2000,1750,1956,3424,16527,839,1283,1381,1354,1432,2200,4233,12722
京都府,2605,山城北,いいえ,5476,7306,6729,5194,3891,2926,3319,34841,4913,6394,5845,4583,3621,3293,4781,33430
京都府,2606,山城南,はい,652,798,748,577,543,622,960,4900,240,376,381,384,434,604,1031,3450
京都府,2606,山城南,いいえ,1637,2035,1862,1437,1153,822,901,9847,1483,1779,1572,1280,981,885,1133,9113
大阪府,2701,豊能,はい,5038,6275,6314,5215,4019,3249,4595,34705,2106,2976,3559,3203,2739,3036,4782,22401
大阪府,2701,豊能,いいえ,13438,15777,15451,11728,8265,5135,5211,75005,11930,14262,13859,10002,6679,5088,6459,68279
大阪府,2702,三島,はい,3392,4518,4489,3321,2704,2468,3914,24806,1452,2117,2543,2166,1958,2505,4358,17099
大阪府,2702,三島,いいえ,9215,11577,11081,8002,5943,3767,3634,53219,8350,10290,9556,6593,4991,3816,4562,48158
大阪府,2703,北河内,はい,4191,5503,5376,4426,3312,2151,2102,27061,1594,2413,2715,2433,1955,1563,1902,14575
大阪府,2703,北河内,いいえ,11483,15210,15141,11448,8017,4262,2710,68271,9728,12779,12786,9075,5393,2797,2244,54802
大阪府,2704,中河内,はい,3044,3860,3931,3203,2433,1800,2357,20628,1122,1725,2077,1827,1666,1733,2870,13020
大阪府,2704,中河内,いいえ,8171,10895,11187,8469,5944,3458,3027,51151,6859,9411,9601,7608,5128,3418,3439,45464
大阪府,2705,南河内,はい,1880,2478,2581,2326,2264,1996,2735,16260,747,1193,1435,1504,1467,1853,2788,10987
大阪府,2705,南河内,いいえ,4848,6616,7004,5844,4515,3063,2715,34605,4446,5889,6205,4941,3652,2708,3111,30952
大阪府,2706,堺市,はい,3281,4568,4369,3503,2814,2583,3976,25094,1434,2268,2504,2411,2105,2667,4853,18242
大阪府,2706,堺市,いいえ,8823,11932,11716,8429,6067,4062,4419,55448,8221,10457,9908,7117,5103,4426,6028,51260
大阪府,2707,泉州,はい,3099,4160,4357,3552,2948,2630,3581,24327,1167,1873,2298,2069,1901,2450,3554,15312
大阪府,2707,泉州,いいえ,8455,11537,11654,9009,6543,4165,3491,54854,7400,9860,9807,7345,5154,3755,3945,47266
大阪府,2708,大阪市,はい,12887,15499,15779,12552,9069,5607,5036,76429,5911,7648,8314,7318,5564,4136,4320,43211
大阪府,2708,大阪市,いいえ,36021,41756,40642,30455,20840,11053,7003,187770,35234,39999,38286,29451,18422,8403,6112,175907
兵庫県,2801,神戸,はい,7123,9176,9150,8009,6978,6660,9316,56412,3186,4672,5287,5196,5441,6453,9981,40216
兵庫県,2801,神戸,いいえ,18597,22879,22579,17637,14167,9488,9098,114445,17298,20853,19941,15770,12201,9281,10861,106205
兵庫県,2804,東播磨,はい,3250,3935,3860,3127,2781,2738,4016,23707,1188,1723,1956,1776,1863,2580,4225,15311
兵庫県,2804,東播磨,いいえ,9079,10882,10539,8077,6176,4045,3791,52589,7297,8921,8686,6520,4845,4031,4586,44886
兵庫県,2805,北播磨,はい,1034,1232,1076,1040,960,1078,1562,7982,371,590,624,640,695,1035,1562,5517
兵庫県,2805,北播磨,いいえ,2930,3711,3666,3083,2567,1925,1810,19692,2511,3124,3063,2640,2334,1932,1970,17574
兵庫県,2808,但馬,はい,672,786,686,632,737,866,1259,5638,245,341,359,396,527,810,1233,3911
兵庫県,2808,但馬,いいえ,2042,2555,2410,2182,2209,1829,1769,14996,1804,2364,2451,2307,2252,2013,1941,15132
兵庫県,2809,丹波,はい,379,458,405,359,448,462,615,3126,151,202,222,248,323,466,608,2220
兵庫県,2809,丹波,いいえ,1234,1417,1270,1138,1137,912,863,7971,1015,1211,1196,1142,1153,913,909,7539
兵庫県,2810,淡路,はい,450,569,493,450,517,649,925,4053,175,220,237,288,417,568,884,2789
兵庫県,2810,淡路,いいえ,1301,1589,1543,1426,1360,1209,1175,9603,1384,1675,1581,1398,1497,1442,1500,10477
兵庫県,2811,阪神,はい,7337,9889,10317,8623,7016,5804,7913,56899,3316,4834,5821,5326,4819,5325,8173,37614
兵庫県,2811,阪神,いいえ,19762,25311,25531,20105,14175,8727,7833,121444,18135,23146,22829,16795,11647,7870,8800,109222
兵庫県,2812,播磨姫路,はい,3571,4506,4106,3641,3276,3556,5466,28122,1272,1885,2108,2138,2283,3468,6123,19277
兵庫県,2812,播磨姫路,いいえ,10030,12478,11607,9727,7828,5647,5629,62946,8084,10606,9799,8129,6782,6135,7294,56829
奈良県,2901,奈良,はい,1276,1672,1852,1612,1425,1220,1458,10515,540,904,1041,1088,956,1092,1531,7152
奈良県,2901,奈良,いいえ,3594,4633,4679,3925,3078,1930,1604,23443,3770,4630,4791,3630,2576,1847,1813,23057
奈良県,2902,東和,はい,730,867,893,789,743,854,1277,6153,267,413,458,501,593,785,1318,4335
奈良県,2902,東和,いいえ,1810,2437,2406,2094,1781,1345,1336,13209,1865,2191,2276,1975,1691,1485,1698,13181
奈良県,2903,西和,はい,1393,1804,1855,1509,1322,1493,2575,11951,624,918,1090,1030,1108,1676,3012,9458
奈良県,2903,西和,いいえ,3715,4893,4746,3812,2973,2022,2182,24343,3620,4530,4280,3350,2636,2355,3184,23955
奈良県,2904,中和,はい,1559,2008,2005,1649,1486,1579,2280,12566,688,982,1160,1159,1175,1575,2535,9274
奈良県,2904,中和,いいえ,3975,5033,5041,4135,3178,2237,2211,25810,3796,4636,4715,3784,2941,2478,2982,25332
奈良県,2905,南和,はい,181,218,265,257,312,314,351,1898,88,118,124,194,195,250,318,1287
奈良県,2905,南和,いいえ,433,605,671,655,665,495,414,3938,471,626,620,691,695,504,512,4119
和歌山県,3001,和歌山,はい,1675,2098,1972,1816,1777,1772,2654,13764,528,807,950,979,1054,1587,2889,8794
和歌山県,3001,和歌山,いいえ,4691,5981,5769,4700,3800,2770,2992,30703,3716,4723,4701,4045,3294,3104,4128,27711
和歌山県,3002,那賀,はい,387,526,538,445,505,555,798,3754,164,229,282,296,329,535,780,2615
和歌山県,3002,那賀,いいえ,1139,1474,1427,1250,1064,823,800,7977,975,1281,1335,1242,1062,923,1078,7896
和歌山県,3003,橋本,はい,264,361,316,344,387,504,693,2869,103,163,206,202,313,476,654,2117
和歌山県,3003,橋本,いいえ,726,978,924,851,836,679,636,5630,696,918,930,868,843,724,865,5844
和歌山県,3004,有田,はい,226,319,275,257,286,353,480,2196,85,139,141,156,213,295,431,1460
和歌山県,3004,有田,いいえ,738,904,864,773,656,537,576,5048,742,808,912,782,708,694,685,5331
和歌山県,3005,御坊,はい,252,294,251,263,285,336,438,2119,82,104,127,168,162,304,404,1351
和歌山県,3005,御坊,いいえ,716,920,832,736,678,572,526,4980,633,780,761,684,679,656,615,4808
和歌山県,3006,田辺,はい,495,613,550,529,574,584,769,4114,171,206,255,304,365,466,728,2495
和歌山県,3006,田辺,いいえ,1208,1608,1533,1401,1264,947,868,8829,1290,1566,1522,1512,1296,1123,1185,9494
和歌山県,3007,新宮,はい,178,291,279,216,278,283,466,1991,53,99,94,126,177,312,499,1360
和歌山県,3007,新宮,いいえ,496,648,668,648,572,464,576,4072,452,558,631,624,599,605,791,4260
鳥取県,3101,東部,はい,1073,1205,1018,904,904,1015,1352,7471,370,530,520,517,617,950,1383,4887
鳥取県,3101,東部,いいえ,3038,3576,3027,2792,2610,2130,1880,19053,2878,3281,3009,2731,2595,2362,2306,19162
鳥取県,3102,中部,はい,388,372,357,311,346,365,524,2663,110,171,165,152,217,348,541,1704
鳥取県,3102,中部,いいえ,1129,1275,1168,1125,1070,924,784,7475,1057,1310,1115,1090,1107,1008,957,7644
鳥取県,3103,西部,はい,989,1208,1028,912,958,952,1228,7275,350,480,488,498,568,787,1267,4438
鳥取県,3103,西部,いいえ,2805,3222,2994,2664,2359,1797,1618,17459,2654,3120,2827,2504,2237,1842,2127,17311
島根県,3201,松江,はい,1022,1189,1085,962,1006,1019,1466,7749,349,488,525,587,650,913,1477,4989
島根県,3201,松江,いいえ,3154,3816,3639,2958,2652,2124,2087,20430,3090,3851,3476,2954,2671,2293,2754,21089
島根県,3202,雲南,はい,213,283,194,172,213,272,358,1705,87,95,83,108,145,199,303,1020
島根県,3202,雲南,いいえ,705,855,734,716,842,759,813,5424,691,809,749,740,770,704,854,5317
島根県,3203,出雲,はい,663,783,699,564,606,682,1131,5128,198,297,317,318,410,608,1002,3150
島根県,3203,出雲,いいえ,2418,2797,2442,2211,2064,1748,1738,15418,2362,2703,2276,2155,2001,1994,2131,15622
島根県,3204,大田,はい,185,189,172,182,192,270,351,1541,69,77,87,103,145,234,361,1076
島根県,3204,大田,いいえ,617,752,636,582,671,601,708,4567,547,719,632,614,734,711,808,4765
島根県,3205,浜田,はい,324,395,314,281,319,389,597,2619,106,134,170,137,216,387,634,1784
島根県,3205,浜田,いいえ,908,1121,987,940,1037,923,1034,6950,865,1070,950,929,980,926,1192,6912
島根県,3206,益田,はい,224,253,190,242,271,356,565,2101,78,119,97,113,190,353,607,1557
島根県,3206,益田,いいえ,736,871,698,695,762,764,791,5317,606,750,675,661,721,788,956,5157
島根県,3207,隠岐,はい,101,88,58,57,79,90,158,631,32,43,30,42,43,96,170,456
島根県,3207,隠岐,いいえ,252,273,212,231,212,249,253,1682,237,274,228,215,225,250,299,1728
岡山県,3301,県南東部,はい,4414,5541,4981,4117,3832,3884,5186,31955,1657,2419,2658,2592,2689,3391,5293,20699
岡山県,3301,県南東部,いいえ,11806,14663,12981,10382,8528,6279,5627,70266,11076,13391,12251,9730,8267,6696,7400,68811
岡山県,3302,県南西部,はい,3199,4048,3534,2915,2696,3050,4096,23538,1109,1682,1926,1671,1842,2590,4041,14861
岡山県,3302,県南西部,いいえ,9222,11487,10471,7919,6511,4681,3929,54220,7955,10263,9152,6937,5915,4883,5146,50251
岡山県,3303,高梁・新見,はい,191,219,183,171,224,286,347,1621,56,95,84,93,179,223,333,1063
岡山県,3303,高梁・新見,いいえ,552,705,668,656,766,611,528,4486,513,636,576,619,695,635,580,4254
岡山県,3304,真庭,はい,157,173,121,132,198,226,310,1317,54,50,62,84,113,215,286,864
岡山県,3304,真庭,いいえ,551,631,528,495,569,487,494,3755,501,567,516,565,598,560,593,3900
岡山県,3305,津山・英田,はい,656,708,605,497,588,776,1068,4898,224,339,345,350,480,756,1095,3589
岡山県,3305,津山・英田,いいえ,1973,2472,2176,1677,1756,1407,1322,12783,1910,2237,2014,1744,1827,1480,1563,12775
広島県,3401,広島,はい,6133,7927,7636,6389,5050,3457,2940,39532,2587,3559,3876,3246,2660,2097,2258,20283
広島県,3401,広島,いいえ,19501,24318,23031,17858,13253,7037,4537,109535,16225,20167,18694,13908,9525,5157,3875,87551
広島県,3402,広島西,はい,575,727,617,543,554,592,710,4318,224,301,311,305,372,446,514,2473
広島県,3402,広島西,いいえ,1643,2010,1907,1693,1508,998,758,10517,1395,1745,1698,1427,1231,895,718,9109
広島県,3403,呉,はい,675,1050,898,865,832,837,1149,6306,301,449,428,470,493,709,1132,3982
広島県,3403,呉,いいえ,2250,3272,3196,2711,2189,1524,1293,16435,1951,2743,2647,2276,1808,1323,1624,14372
広島県,3404,広島中央,はい,992,1313,1228,965,847,761,1047,7153,321,551,527,534,585,642,939,4099
広島県,3404,広島中央,いいえ,3313,3953,3665,3013,2314,1315,1039,18612,2266,2921,2728,2110,1767,1157,1132,14081
広島県,3405,尾三,はい,839,1045,987,752,827,960,1266,6676,297,446,426,443,595,786,1164,4157
広島県,3405,尾三,いいえ,2711,3455,3027,2661,2425,1806,1642,17727,2182,2871,2756,2397,2285,1927,2005,16423
広島県,3406,福山・府中,はい,2086,2499,2080,1788,1581,1673,2175,13882,746,1008,1105,1054,1062,1440,1987,8402
広島県,3406,福山・府中,いいえ,6629,8102,7172,5623,4685,3151,2544,37906,5258,6488,5948,4591,3846,2876,2813,31820
広島県,3407,備北,はい,288,331,287,247,307,391,507,2358,126,150,141,146,206,325,464,1558
広島県,3407,備北,いいえ,972,1185,1061,944,992,899,905,6958,908,1118,1038,992,1050,1008,986,7100
山口県,3501,岩国,はい,482,640,579,579,582,629,902,4393,178,272,315,320,361,607,873,2926
山口県,3501,岩国,いいえ,1199,1642,1642,1354,1205,941,899,8882,1067,1443,1508,1197,1055,946,1157,8373
山口県,3502,柳井,はい,290,342,329,243,288,337,407,2236,100,141,185,140,186,280,445,1477
山口県,3502,柳井,いいえ,716,1021,897,758,737,596,509,5234,647,875,873,717,711,632,649,5104
山口県,3503,周南,はい,1064,1408,1265,1014,959,1081,1648,8439,369,627,687,674,777,1096,1915,6145
山口県,3503,周南,いいえ,3003,4046,3794,2795,2308,1656,1645,19247,2527,3424,3145,2390,2003,1769,2249,17507
山口県,3504,山口・防府,はい,1397,1789,1529,1385,1328,1230,1572,10230,403,635,719,719,787,917,1309,5489
山口県,3504,山口・防府,いいえ,4266,5243,4754,3846,3352,2177,1814,25452,3323,3980,3692,2941,2543,1997,2038,20514
山口県,3505,宇部・小野田,はい,1116,1410,1270,1063,1032,995,1307,8193,355,488,534,600,644,875,1351,4847
山口県,3505,宇部・小野田,いいえ,2841,3504,3074,2660,2230,1671,1510,17490,2371,2760,2820,2233,1926,1699,1903,15712
山口県,3506,下関,はい,859,1154,999,884,783,645,481,5805,254,435,432,459,423,340,319,2662
山口県,3506,下関,いいえ,2712,3413,2989,2532,2184,1372,776,15978,2224,2747,2796,2374,1831,1019,727,13718
山口県,3507,長門,はい,144,146,105,96,142,130,186,949,37,51,65,58,92,137,196,636
山口県,3507,長門,いいえ,377,466,422,327,361,306,299,2558,337,397,401,371,411,353,368,2638
山口県,3508,萩,はい,165,228,167,158,211,250,343,1522,49,91,109,99,122,222,321,1013
山口県,3508,萩,いいえ,466,599,595,538,536,506,449,3689,391,533,551,522,558,575,634,3764
徳島県,3601,東部,はい,2059,2447,2367,2168,2174,2429,3531,17175,834,1204,1311,1395,1631,2666,3870,12911
徳島県,3601,東部,いいえ,5706,6838,6238,5438,4549,3596,3685,36050,5470,6586,6247,5296,4571,4408,4817,37395
徳島県,3603,南部,はい,534,650,537,522,531,737,1194,4705,208,268,323,332,436,766,1238,3571
徳島県,3603,南部,いいえ,1576,1885,1724,1507,1376,1284,1491,10843,1321,1610,1677,1477,1499,1569,1942,11095
徳島県,3605,西部,はい,245,244,262,264,344,478,655,2492,110,116,140,175,281,448,703,1973
徳島県,3605,西部,いいえ,638,726,686,710,762,776,781,5079,611,766,730,797,820,851,866,5441
香川県,3702,小豆,はい,88,75,67,81,77,114,186,688,37,48,46,44,60,111,220,566
香川県,3702,小豆,いいえ,236,266,259,245,238,232,326,1802,261,293,286,278,287,327,422,2154
香川県,3706,東部,はい,2324,3079,2753,2330,2079,2188,3241,17994,872,1330,1410,1322,1448,2039,3594,12015
香川県,3706,東部,いいえ,6643,8363,7637,6060,5090,3726,3916,41435,6375,7989,7253,5611,4917,4226,5271,41642
香川県,3707,西部,はい,1595,1921,1756,1440,1569,1779,2786,12846,566,824,875,883,1075,1619,2787,8629
香川県,3707,西部,いいえ,4217,5243,4635,3958,3656,3007,3017,27733,4032,5024,4541,3847,3726,3447,4193,28810
愛媛県,3801,宇摩,はい,357,510,379,344,312,274,343,2519,130,204,207,160,179,243,303,1426
愛媛県,3801,宇摩,いいえ,1025,1219,1130,1041,780,499,355,6049,842,1010,959,842,621,500,397,5171
愛媛県,3802,新居浜・西条,はい,1024,1226,1033,941,827,674,883,6608,367,509,528,554,496,626,819,3899
愛媛県,3802,新居浜・西条,いいえ,2494,3189,2784,2411,1938,1186,899,14901,2157,2607,2384,2038,1587,1090,1077,12940
愛媛県,3803,今治,はい,751,954,844,713,726,658,996,5642,279,393,470,464,511,597,1041,3755
愛媛県,3803,今治,いいえ,1767,2225,2075,1668,1397,1026,942,11100,1536,1971,1921,1528,1295,964,1044,10259
愛媛県,3804,松山,はい,3296,4044,3586,3085,2908,2403,2379,21701,1319,1776,1932,1812,1881,1858,2268,12846
愛媛県,3804,松山,いいえ,8665,10552,9527,7756,6399,3825,2348,49072,7949,9354,8610,6935,5495,3603,2632,44578
愛媛県,3805,八幡浜・大洲,はい,549,672,618,644,689,614,745,4531,224,307,378,369,459,636,840,3213
愛媛県,3805,八幡浜・大洲,いいえ,1408,1797,1589,1628,1524,1099,952,9997,1398,1632,1713,1591,1427,1099,996,9856
愛媛県,3806,宇和島,はい,487,682,530,556,543,512,784,4094,242,334,349,390,485,584,887,3271
愛媛県,3806,宇和島,いいえ,1050,1266,1205,1148,1045,797,726,7237,1034,1391,1369,1257,1149,969,905,8074
高知県,3901,安芸,はい,182,221,199,191,188,211,351,1543,63,85,97,117,135,239,423,1159
高知県,3901,安芸,いいえ,422,494,517,495,481,436,472,3317,367,498,493,483,512,575,683,3611
高知県,3902,中央,はい,2434,3093,2526,2380,2309,2389,3300,18431,989,1330,1521,1524,1748,2354,3580,13046
高知県,3902,中央,いいえ,6346,7863,6994,5726,4866,3803,3700,39298,6309,7712,7031,5831,5036,4048,4625,40592
高知県,3903,高幡,はい,226,250,215,187,234,278,488,1878,82,112,103,122,180,311,474,1384
高知県,3903,高幡,いいえ,541,619,637,579,642,648,654,4320,448,600,570,574,614,654,714,4174
高知県,3904,幡多,はい,321,412,322,315,373,489,732,2964,118,193,207,194,301,591,891,2495
高知県,3904,幡多,いいえ,726,892,800,677,738,709,753,5295,772,989,879,843,852,867,1015,6217
福岡県,4001,福岡・糸島,はい,8727,9930,9233,7636,6636,6075,7709,55946,3881,4842,5126,4745,4358,5156,7659,35767
福岡県,4001,福岡・糸島,いいえ,22836,24883,22471,17257,13012,8552,7216,116227,22234,23778,20723,15353,11461,8462,8645,110656
福岡県,4002,粕屋,はい,1646,1906,1462,1097,1103,1111,1322,9647,601,805,744,620,719,832,1108,5429
福岡県,4002,粕屋,いいえ,4333,5044,3995,2892,2490,1756,1409,21919,3942,4246,3340,2566,2117,1666,1538,19415
福岡県,4003,宗像,はい,820,814,726,618,695,785,995,5453,334,415,410,381,525,691,913,3669
福岡県,4003,宗像,いいえ,2108,2130,1730,1420,1386,1020,834,10628,1948,1956,1714,1504,1265,1051,926,10364
福岡県,4004,筑紫,はい,2052,2433,2172,1834,1825,1855,2548,14719,779,1069,1224,1189,1246,1623,2530,9660
福岡県,4004,筑紫,いいえ,5348,6204,5549,4353,3569,2561,2230,29814,5193,5981,5366,4183,3288,2611,2709,29331
福岡県,4005,朝倉,はい,366,387,308,286,345,427,564,2683,120,158,172,201,240,402,564,1857
福岡県,4005,朝倉,いいえ,1073,1142,1023,869,834,784,756,6481,915,1063,969,917,879,870,896,6509
福岡県,4006,久留米,はい,1597,1827,1596,1541,1636,1813,2455,12465,608,818,978,1066,1182,1687,2552,8891
福岡県,4006,久留米,いいえ,5268,5939,5312,4530,3991,3040,2722,30802,4864,5643,5412,4497,3838,3355,3453,31062
福岡県,4007,八女・筑後,はい,465,500,449,408,501,601,860,3784,173,212,244,297,376,572,867,2741
福岡県,4007,八女・筑後,いいえ,1615,1748,1583,1488,1435,1151,1084,10104,1439,1660,1662,1553,1420,1324,1337,10395
福岡県,4008,有明,はい,655,670,625,639,796,919,1336,5640,243,340,354,393,570,898,1455,4253
福岡県,4008,有明,いいえ,1978,2270,2192,2099,1935,1579,1619,13672,1815,2171,2143,2163,1883,1911,2225,14311
福岡県,4009,飯塚,はい,684,784,651,567,743,793,1282,5504,276,347,353,350,506,764,1310,3906
福岡県,4009,飯塚,いいえ,1960,2151,1751,1499,1532,1388,1464,11745,1963,2279,1963,1636,1770,1726,2000,13337
福岡県,4010,直方・鞍手,はい,460,495,323,318,404,472,731,3203,155,161,191,193,254,446,722,2122
福岡県,4010,直方・鞍手,いいえ,1287,1332,1177,964,1002,846,877,7485,1045,1127,1119,955,961,943,1092,7242
福岡県,4011,田川,はい,434,469,383,308,364,456,648,3062,139,222,168,194,276,406,694,2099
福岡県,4011,田川,いいえ,1102,1320,1159,991,1028,952,926,7478,1156,1331,1253,1149,1088,1135,1121,8233
福岡県,4012,北九州,はい,4691,5379,5113,4414,4383,4742,6925,35647,1825,2411,2791,2911,3242,4425,7440,25045
福岡県,4012,北九州,いいえ,12669,15015,13588,11167,9855,7650,7298,77242,11115,13299,12893,10422,8449,7522,9458,73158
福岡県,4013,京築,はい,796,911,787,711,747,1007,1396,6355,259,403,379,388,567,847,1357,4200
福岡県,4013,京築,いいえ,2269,2806,2537,2107,1918,1491,1457,14585,1932,2351,2227,1850,1687,1726,1882,13655
佐賀県,4101,中部,はい,1363,1541,1485,1406,1528,1699,2348,11370,478,705,819,900,1061,1660,2236,7859
佐賀県,4101,中部,いいえ,4302,4786,4373,3993,3413,2889,2425,26181,4044,4619,4288,3858,3456,2946,2823,26034
佐賀県,4102,東部,はい,614,656,581,514,527,602,1029,4523,178,261,303,264,363,607,1044,3020
佐賀県,4102,東部,いいえ,1845,1999,1668,1369,1147,962,819,9809,1432,1653,1502,1104,1074,1012,1105,8882
佐賀県,4103,北部,はい,458,468,421,419,479,570,782,3597,179,223,222,286,389,554,762,2615
佐賀県,4103,北部,いいえ,1245,1471,1200,1153,1153,999,956,8177,1296,1472,1278,1301,1280,1140,1065,8832
佐賀県,4104,西部,はい,324,339,287,303,330,405,606,2594,139,133,120,180,262,418,692,1944
佐賀県,4104,西部,いいえ,984,971,928,864,832,744,604,5927,851,918,893,868,818,803,804,5955
佐賀県,4105,南部,はい,505,525,477,558,597,789,1150,4601,155,227,251,309,437,775,1273,3427
佐賀県,4105,南部,いいえ,1469,1586,1528,1627,1531,1353,1399,10493,1320,1494,1488,1489,1624,1649,1722,10786
長崎県,4201,長崎,はい,1894,2366,2466,2238,2181,2698,3906,17749,777,1109,1236,1353,1735,2542,3892,12644
長崎県,4201,長崎,いいえ,5321,6558,6355,5654,5093,3935,3812,36728,5518,6502,6294,5557,4790,4461,5100,38222
長崎県,4202,佐世保県北,はい,982,1177,993,1099,1116,1361,1967,8695,370,541,567,579,800,1342,2111,6310
長崎県,4202,佐世保県北,いいえ,2496,2933,2755,2556,2461,2247,2233,17681,2633,2944,2908,2622,2451,2615,2827,19000
長崎県,4203,県央,はい,1136,1298,1204,1163,1227,1389,1859,9276,414,568,650,723,881,1283,2015,6534
長崎県,4203,県央,いいえ,3104,3597,3314,2949,2578,2128,1873,19543,2972,3237,3192,2797,2482,2420,2574,19674
長崎県,4204,県南,はい,347,441,424,462,509,666,958,3807,158,200,236,339,422,723,1093,3171
長崎県,4204,県南,いいえ,1158,1300,1330,1362,1468,1295,1374,9287,1168,1395,1521,1480,1624,1674,1766,10628
長崎県,4206,五島,はい,113,129,125,128,142,219,291,1147,43,52,61,79,132,226,345,938
長崎県,4206,五島,いいえ,290,333,340,339,360,358,319,2339,287,308,347,351,412,416,375,2496
長崎県,4207,上五島,はい,92,95,92,86,95,134,159,753,23,39,42,64,68,125,181,542
長崎県,4207,上五島,いいえ,207,253,239,291,287,254,198,1729,162,210,202,252,273,244,246,1589
長崎県,4208,壱岐,はい,92,102,99,84,103,116,191,787,44,42,42,50,70,106,202,556
長崎県,4208,壱岐,いいえ,263,303,310,291,295,307,338,2107,291,329,274,327,310,354,409,2294
長崎県,4209,対馬,はい,98,129,100,85,135,179,253,979,37,57,47,48,104,180,240,713
長崎県,4209,対馬,いいえ,291,331,319,312,349,355,344,2301,295,322,324,344,375,420,437,2517
熊本県,4302,宇城,はい,434,419,417,436,454,515,690,3365,160,174,223,248,290,410,619,2124
熊本県,4302,宇城,いいえ,1161,1320,1193,1262,1113,889,733,7671,1111,1250,1208,1103,1088,968,835,7563
熊本県,4303,有明,はい,540,547,500,537,523,681,915,4243,184,266,241,280,384,605,899,2859
熊本県,4303,有明,いいえ,1836,1836,1642,1546,1509,1292,1139,10800,1582,1802,1672,1597,1543,1282,1262,10740
熊本県,4304,鹿本,はい,206,190,202,154,222,225,305,1504,71,81,97,110,104,177,249,889
熊本県,4304,鹿本,いいえ,574,601,572,585,521,446,392,3691,519,578,601,555,583,492,462,3790
熊本県,4305,菊池,はい,906,1041,876,890,823,945,1133,6614,388,493,473,508,560,711,975,4108
熊本県,4305,菊池,いいえ,3076,3158,2398,2087,1839,1340,972,14870,2758,2689,2178,1927,1712,1356,1083,13703
熊本県,4306,阿蘇,はい,255,280,223,270,290,410,556,2284,104,128,133,145,208,374,562,1654
熊本県,4306,阿蘇,いいえ,652,673,647,702,748,842,772,5036,687,757,758,803,847,934,859,5645
熊本県,4308,八代,はい,543,606,515,555,548,603,761,4131,209,285,314,365,444,604,786,3007
熊本県,4308,八代,いいえ,1605,1768,1701,1590,1431,1134,969,10198,1515,1771,1636,1599,1541,1345,1215,10622
熊本県,4309,芦北,はい,173,202,196,220,183,239,244,1457,45,58,68,94,112,176,216,769
熊本県,4309,芦北,いいえ,396,438,516,512,489,375,304,3030,393,427,474,493,486,435,348,3056
熊本県,4310,球磨,はい,370,371,382,360,431,571,790,3275,125,150,177,212,284,514,845,2307
熊本県,4310,球磨,いいえ,999,1163,1062,1210,1279,1139,1097,7949,1106,1243,1214,1256,1303,1241,1264,8627
熊本県,4311,天草,はい,355,403,390,374,480,620,852,3474,149,209,238,282,416,729,1015,3038
熊本県,4311,天草,いいえ,1212,1348,1379,1403,1548,1371,1212,9473,1285,1476,1529,1684,1646,1545,1273,10438
熊本県,4312,熊本・上益城,はい,3559,4325,3862,3814,3785,3854,4385,27584,1529,2067,2121,2357,2572,3116,4476,18238
熊本県,4312,熊本・上益城,いいえ,10332,11547,10118,9037,7642,5660,4713,59049,10405,11771,10551,9110,7408,6145,6017,61407
大分県,4401,東部,はい,686,838,753,701,797,1079,1534,6388,377,483,545,580,704,1008,1635,5332
大分県,4401,東部,いいえ,1884,2230,2115,1926,1991,1685,1796,13627,2003,2386,2419,2254,2163,2027,2461,15713
大分県,4403,中部,はい,2885,3275,2952,2596,2836,2997,3898,21439,1166,1566,1762,1711,1959,2686,4037,14887
大分県,4403,中部,いいえ,7444,9014,7623,6365,5808,4481,3762,44497,7265,8442,7533,6225,5643,4610,4786,44504
大分県,4405,南部,はい,250,291,248,244,274,434,646,2387,113,134,137,162,245,459,707,1957
大分県,4405,南部,いいえ,690,789,728,746,711,701,678,5043,653,723,797,736,820,823,942,5494
大分県,4406,豊肥,はい,176,185,181,164,239,342,476,1763,95,115,128,134,214,314,538,1538
大分県,4406,豊肥,いいえ,517,581,571,570,769,667,803,4478,553,597,585,607,824,831,852,4849
大分県,4408,西部,はい,315,374,331,364,374,448,604,2810,152,204,236,270,304,396,617,2179
大分県,4408,西部,いいえ,992,1162,1065,1080,1184,989,874,7346,907,1028,995,1003,1062,973,1026,6994
大分県,4409,北部,はい,856,864,683,647,713,905,1235,5903,299,353,389,401,563,856,1353,4214
大分県,4409,北部,いいえ,2053,2293,2141,1922,1695,1250,1112,12466,1559,1813,1794,1590,1579,1448,1440,11223
宮崎県,4501,宮崎東諸県,はい,2223,2585,2322,2063,2104,2153,2627,16077,775,1152,1150,1192,1338,1781,2697,10085
宮崎県,4501,宮崎東諸県,いいえ,5502,6490,5690,4871,4074,2870,2302,31799,5267,6210,5512,4531,3640,2912,2851,30923
宮崎県,4502,都城北諸県,はい,781,860,740,689,884,1139,1771,6864,275,372,367,462,695,1226,2061,5458
宮崎県,4502,都城北諸県,いいえ,2272,2365,1976,1863,1999,1577,1591,13643,1984,2174,2041,1881,1999,2001,2102,14182
宮崎県,4503,延岡西臼杵,はい,787,915,900,800,758,936,1377,6473,252,367,368,434,529,826,1372,4148
宮崎県,4503,延岡西臼杵,いいえ,1899,2234,2058,1865,1690,1265,1323,12334,1546,1847,1758,1573,1535,1512,1633,11404
宮崎県,4504,日南串間,はい,211,232,206,212,256,379,529,2025,69,83,104,144,200,354,579,1533
宮崎県,4504,日南串間,いいえ,592,631,636,621,699,573,534,4286,514,564,545,618,626,643,733,4243
宮崎県,4505,西諸,はい,231,218,220,249,323,432,714,2387,84,83,105,171,253,447,775,1918
宮崎県,4505,西諸,いいえ,670,668,585,661,751,726,755,4816,630,651,595,710,763,824,838,5011
宮崎県,4506,西都児湯,はい,328,362,307,303,380,556,806,3042,135,204,180,206,275,484,849,2333
宮崎県,4506,西都児湯,いいえ,940,1066,932,931,934,948,865,6616,929,1081,1013,957,1010,1090,1117,7197
宮崎県,4507,日向入郷,はい,415,428,358,353,353,484,706,3097,158,180,190,211,267,451,744,2201
宮崎県,4507,日向入郷,いいえ,864,1014,834,824,766,693,640,5635,861,932,925,772,767,705,834,5796
鹿児島県,4601,鹿児島,はい,2856,3457,2969,2957,3090,3570,5047,23946,1149,1361,1566,1698,2099,3278,5214,16365
鹿児島県,4601,鹿児島,いいえ,7878,8863,7915,7006,6619,5199,4670,48150,7330,8208,7478,6333,5837,5525,5833,46544
鹿児島県,4603,南薩,はい,382,388,397,418,518,915,1393,4411,146,159,205,286,458,919,1539,3712
鹿児島県,4603,南薩,いいえ,1084,1159,1166,1280,1475,1521,1484,9169,950,1075,1092,1187,1441,1683,1766,9194
鹿児島県,4605,川薩,はい,471,468,429,470,535,763,1198,4334,129,183,253,307,396,790,1325,3383
鹿児島県,4605,川薩,いいえ,1338,1504,1370,1537,1503,1378,1462,10092,1241,1327,1337,1334,1442,1493,1531,9705
鹿児島県,4606,出水,はい,301,309,290,297,332,481,721,2731,138,142,155,203,285,520,798,2241
鹿児島県,4606,出水,いいえ,850,904,919,917,856,791,773,6010,779,895,911,879,871,943,872,6150
鹿児島県,4607,姶良・伊佐,はい,945,1162,1110,1080,1212,1414,2274,9197,363,477,584,705,819,1495,2352,6795
鹿児島県,4607,姶良・伊佐,いいえ,2785,2981,2848,2842,2629,2120,2056,18261,2488,2773,2728,2535,2548,2239,2559,17870
鹿児島県,4609,曽於,はい,230,226,237,261,337,410,647,2348,94,104,116,147,252,428,678,1819
鹿児島県,4609,曽於,いいえ,719,715,734,771,890,789,703,5321,597,613,655,752,839,795,737,4988
鹿児島県,4610,肝属,はい,554,575,498,568,685,833,1179,4892,186,236,304,315,505,847,1278,3671
鹿児島県,4610,肝属,いいえ,1593,1534,1474,1457,1587,1457,1354,10456,1327,1469,1444,1473,1591,1537,1552,10393
鹿児島県,4611,熊毛,はい,177,197,189,163,195,220,279,1420,66,80,72,115,131,218,292,974
鹿児島県,4611,熊毛,いいえ,352,425,436,456,428,420,392,2909,331,343,392,301,372,442,459,2640
鹿児島県,4612,奄美,はい,455,470,445,510,549,765,917,4111,192,217,230,272,411,733,931,2986
鹿児島県,4612,奄美,いいえ,857,1000,953,961,964,970,811,6516,992,1042,958,923,1045,1111,1035,7106
沖縄県,4701,北部,はい,442,500,382,404,504,677,703,3612,220,233,209,276,382,488,601,2409
沖縄県,4701,北部,いいえ,1081,1159,944,882,967,907,845,6785,1047,1089,855,917,976,919,822,6625
沖縄県,4702,中部,はい,2044,2588,2410,2126,1775,1595,1584,14122,873,1261,1340,1167,1142,1259,1452,8494
沖縄県,4702,中部,いいえ,4934,5830,4950,3875,3018,2036,1518,26161,5349,6237,5312,4180,3208,2339,1917,28542
沖縄県,4703,南部,はい,3057,3748,3567,3123,2936,3019,3350,22800,1382,1722,1876,1934,2078,2645,3191,14828
沖縄県,4703,南部,いいえ,7856,9029,7888,6258,4861,3602,2974,42468,8631,9635,8801,6981,5436,4585,4057,48126
沖縄県,4704,宮古,はい,231,255,219,248,264,290,278,1785,104,104,130,147,210,279,306,1280
沖縄県,4704,宮古,いいえ,492,559,461,501,503,503,373,3392,554,556,440,500,559,507,403,3519
沖縄県,4705,八重山,はい,145,168,154,116,163,207,245,1198,75,73,85,86,110,161,212,802
沖縄県,4705,八重山,いいえ,278,329,301,228,230,233,211,1810,341,358,268,254,276,298,283,2078
二次医療圏判別不可,,,はい,22618,24487,24204,23451,12550,4343,3290,114943,6788,8830,9638,8465,4898,2707,1914,43240
二次医療圏判別不可,,,いいえ,53512,58176,58434,51348,25445,6195,2949,256059,33991,38662,36285,26712,13603,4786,2567,156606
