都道府県名,回答,男40～44歳,男45～49歳,男50～54歳,男55～59歳,男60～64歳,男65～69歳,男70～74歳,男中計,女40～44歳,女45～49歳,女50～54歳,女55～59歳,女60～64歳,女65～69歳,女70～74歳,女中計
北海道,毎日,20608,28740,29122,28559,26417,19909,16291,169646,9174,12832,11950,10296,7539,4713,3473,59977
北海道,時々,27575,31858,27896,23946,20388,13618,11040,156321,19579,23412,21935,18286,14484,9917,9339,116952
北海道,ほとんど飲まない（飲めない）,26414,31540,28041,23466,20696,15820,15272,161249,28186,33844,33538,30605,26911,25468,31607,210159
青森県,毎日,6875,9054,9737,9862,9807,8342,7981,61658,2703,3781,3619,3103,2615,1863,1382,19066
青森県,時々,7308,8215,7591,6890,6104,4373,4339,44820,5272,6550,6249,5891,5031,4009,3631,36633
青森県,ほとんど飲まない（飲めない）,6244,7012,5944,5035,4650,4294,5229,38408,8151,9532,9836,9947,10453,12172,16050,76141
岩手県,毎日,8410,11012,10744,10880,10964,10247,10153,72410,3126,4179,3748,3055,2674,2140,1777,20699
岩手県,時々,6856,7458,6723,6059,5467,4395,4780,41738,4962,5831,5498,4887,4757,4453,4340,34728
岩手県,ほとんど飲まない（飲めない）,8021,8486,7558,6574,5704,5280,6355,47978,9398,10897,10968,11128,11833,14368,18852,87444
宮城県,毎日,15285,19732,19409,18073,17664,16877,17336,124376,6075,8215,7184,5638,4938,3818,3325,39193
宮城県,時々,15802,17132,14781,12387,10747,8780,9354,88983,12001,13758,12399,10545,9589,8760,8913,75965
宮城県,ほとんど飲まない（飲めない）,16215,17612,15257,12190,10510,10108,12100,93992,19455,22023,21190,20070,20310,23813,30927,157788
秋田県,毎日,4496,6125,6154,6888,7284,7549,8137,46633,1850,2465,2324,2001,1939,1857,1428,13864
秋田県,時々,4215,4705,4352,4022,3476,2710,3006,26486,3217,3833,3814,3541,3463,3399,3369,24636
秋田県,ほとんど飲まない（飲めない）,4212,4419,3884,3354,2966,2826,3657,25318,5543,6148,6394,6399,7418,9915,13134,54951
山形県,毎日,7719,9284,9090,9481,10555,10422,10290,66841,2999,3731,3095,2617,2512,1896,1253,18103
山形県,時々,8010,8338,7458,6803,6259,5513,5496,47877,6282,6875,6548,6205,5751,4986,3970,40617
山形県,ほとんど飲まない（飲めない）,7517,7724,6770,5803,5378,5165,6180,44537,10314,11277,11212,11589,12758,14605,16865,88620
福島県,毎日,10819,13873,13635,14365,14864,14261,14613,96430,4018,5266,4812,4037,3957,3131,2554,27775
福島県,時々,11116,12168,10610,9349,8397,7086,7268,65994,8212,9400,8989,8346,8051,7377,7173,57548
福島県,ほとんど飲まない（飲めない）,11907,12987,11338,9847,8982,8290,9623,72974,14384,16383,15869,16375,17663,19977,24411,125062
茨城県,毎日,15075,20954,21787,19820,18316,17030,17324,130306,5179,7367,6966,5333,4249,3505,3060,35659
茨城県,時々,18577,20768,18837,14763,11731,8956,8626,102258,11565,14230,13238,10590,8628,7044,6652,71947
茨城県,ほとんど飲まない（飲めない）,21021,24028,21563,16931,13467,12042,13643,122695,22952,27459,27676,24678,24086,26851,32778,186480
栃木県,毎日,10800,14555,14774,13803,13199,11893,11557,90581,3365,4966,4662,3482,2944,2360,2001,23780
栃木県,時々,12920,14243,12377,9911,8049,6338,6412,70250,7412,9096,8357,6716,5687,4821,4500,46589
栃木県,ほとんど飲まない（飲めない）,16314,18501,16119,12456,10202,9201,10618,93411,16994,19496,19345,17223,17361,19670,24073,134162
群馬県,毎日,9850,13870,15037,13688,12638,11674,13126,89883,3165,5019,4898,3940,3285,2935,3059,26301
群馬県,時々,11795,13279,12052,9538,7344,5758,6341,66107,7008,9002,8648,6982,5853,5635,6889,50017
群馬県,ほとんど飲まない（飲めない）,14853,17527,15668,12365,10276,9481,11992,92162,14797,18893,19364,17102,16302,19678,27350,133486
埼玉県,毎日,38637,54264,58691,51214,43320,36819,43114,326059,14317,21075,21205,16857,13204,10799,11493,108950
埼玉県,時々,47795,53812,50288,37985,27606,20353,22125,259964,31887,38216,37521,29271,21953,18549,22343,199740
埼玉県,ほとんど飲まない（飲めない）,53738,63255,57016,41749,30547,25967,33848,306120,54403,65793,66259,54898,46927,52603,82392,423275
千葉県,毎日,31121,43849,48073,41092,34943,29419,33518,262015,11887,17247,17197,13135,10403,8106,8148,86123
千葉県,時々,40425,45863,43327,32984,23766,17740,18535,222640,26926,33116,32229,24621,18114,15240,17297,167543
千葉県,ほとんど飲まない（飲めない）,42356,49882,45773,33255,24607,20764,26294,242931,45685,53990,55286,45673,39801,44231,64339,349005
東京都,毎日,86076,111152,120977,105909,80156,60167,69649,634086,41363,55308,54545,42055,31540,24455,26298,275564
東京都,時々,114831,119947,110970,87510,58983,37785,39783,569809,88627,98001,92998,70960,49701,38129,45768,484184
東京都,ほとんど飲まない（飲めない）,105674,115260,107214,81748,56325,42369,56205,564795,122811,136768,136028,110652,87674,86803,136427,817163
神奈川県,毎日,49605,69768,78415,69635,53217,37887,41559,400086,20472,29018,29604,22648,16697,11631,11786,141856
神奈川県,時々,66793,74565,73649,58427,38489,23643,24095,359661,44859,54107,53996,40960,28005,20463,23446,265836
神奈川県,ほとんど飲まない（飲めない）,65292,76633,73547,55861,37450,25751,31631,366165,68468,81566,84626,68100,51798,48390,74310,477258
新潟県,毎日,15376,21014,21489,20664,20693,19127,20524,138887,5909,8433,7709,6575,5900,5156,4165,43847
新潟県,時々,14464,15909,13883,11920,9932,8200,8719,83027,10168,12678,11786,10447,9474,8798,9245,72596
新潟県,ほとんど飲まない（飲めない）,16246,17360,15240,12248,10016,8851,10754,90715,19091,22221,21496,20269,19478,22051,30118,154724
富山県,毎日,6610,10047,10131,9005,8226,7142,8293,59454,2168,3491,3299,2611,2269,1766,1788,17392
富山県,時々,6616,7701,6847,5101,4023,3078,3549,36915,4250,5591,5234,4167,3487,3165,3898,29792
富山県,ほとんど飲まない（飲めない）,8206,9784,8466,6393,4981,4147,5490,47467,9375,11757,11679,10206,9258,10380,15920,78575
石川県,毎日,5561,8206,8315,7372,7030,6483,8167,51134,2093,3333,3130,2644,2275,2034,2146,17655
石川県,時々,7030,8465,7148,5784,4583,3223,3586,39819,4490,5710,5322,4267,3606,3090,3864,30349
石川県,ほとんど飲まない（飲めない）,8576,10226,8856,6604,4978,4193,5947,49380,10013,12366,11739,10138,9372,10298,15904,79830
福井県,毎日,4125,5722,5888,5497,5326,4106,4031,34695,1323,1931,1797,1454,1276,912,723,9416
福井県,時々,4829,5551,4757,4071,3181,2163,1984,26536,3193,3983,3705,3097,2489,1856,1856,20179
福井県,ほとんど飲まない（飲めない）,6135,6621,5722,4628,3800,3002,3126,33034,6747,7974,7982,7411,6642,6210,7475,50441
山梨県,毎日,3979,5601,6474,6220,5799,5225,5209,38507,1529,2314,2369,1980,1609,1164,889,11854
山梨県,時々,5306,6059,5673,4972,3909,3399,3241,32559,3443,4373,4213,3677,3101,2483,2190,23480
山梨県,ほとんど飲まない（飲めない）,5987,6800,6605,5623,4707,4333,5150,39205,7220,8843,9473,9123,8842,9884,11847,65232
長野県,毎日,11385,16056,16953,15437,14369,13326,14992,102518,4063,6170,5716,4486,3842,3200,3002,30479
長野県,時々,13485,15449,14115,11899,9192,7266,7969,79375,8838,11414,11046,9378,8079,7072,7764,63591
長野県,ほとんど飲まない（飲めない）,15066,17440,16172,12951,10441,9082,10887,92039,17144,21204,21830,20342,18940,20041,27854,147355
岐阜県,毎日,9865,14000,14931,13850,12760,10338,10875,86619,2885,4591,4446,3789,3221,2354,2146,23432
岐阜県,時々,12407,14589,12996,9874,7586,5315,5158,67925,7815,9945,9572,7774,6036,4645,4796,50583
岐阜県,ほとんど飲まない（飲めない）,14886,17412,15685,12558,9967,8423,9640,88571,14854,18579,19505,17446,16261,15989,20939,123573
静岡県,毎日,17472,23886,26278,24115,22452,18704,20339,153246,5565,8129,7977,6379,5610,4241,4051,41952
静岡県,時々,25989,29611,27452,22143,17411,11842,11418,145866,15645,19330,18694,14698,11953,9099,9300,98719
静岡県,ほとんど飲まない（飲めない）,30368,35728,32906,26113,20404,15957,18671,180147,31700,39009,40272,35567,32328,31799,41432,252107
愛知県,毎日,38145,54126,59564,52561,42835,33529,39154,319914,11719,17767,18128,14339,11650,9100,9714,92417
愛知県,時々,56429,61842,56377,42358,28894,18380,19610,283890,30660,37510,36007,26672,19488,15649,18350,184336
愛知県,ほとんど飲まない（飲めない）,66823,76426,70134,52945,38103,28486,37788,370705,65628,78545,78921,65461,54586,55843,84511,483495
三重県,毎日,8738,12699,13880,13059,11901,9956,12045,82278,2570,4098,3951,3359,2922,2287,2183,21370
三重県,時々,11030,12830,11349,8952,6636,5071,5464,61332,6990,8558,8295,6475,5096,4543,4945,44902
三重県,ほとんど飲まない（飲めない）,13826,16430,15494,12359,9912,9024,12087,89132,14326,18265,18933,17194,16537,19077,28742,133074
滋賀県,毎日,8008,10705,10612,9904,9179,7827,8846,65081,2654,3657,3378,2782,2429,1852,1800,18552
滋賀県,時々,9565,10235,8957,6862,5326,3719,3750,48414,6361,7343,6704,5307,4359,3545,3979,37598
滋賀県,ほとんど飲まない（飲めない）,11756,12983,11358,8846,6854,5522,6604,63923,14004,15991,15509,13556,12453,12044,16196,99753
京都府,毎日,11575,16455,17439,15548,14074,11683,14225,100999,4690,6931,6791,5762,4756,3830,4133,36893
京都府,時々,14630,16876,15195,11906,9097,6182,6468,80354,10568,12724,12119,9599,7569,5929,7157,65665
京都府,ほとんど飲まない（飲めない）,16293,19807,18001,13496,10298,7971,10417,96283,18895,23156,22657,19247,16229,15971,24822,140977
大阪府,毎日,40248,57754,64381,54889,44196,33703,38684,333855,17198,25707,27064,21836,16168,12069,13004,133046
大阪府,時々,46319,53302,50159,36964,25367,15900,16487,244498,34277,41477,40661,30959,21443,16442,20453,205712
大阪府,ほとんど飲まない（飲めない）,52931,63834,59963,43671,31192,22725,28755,303071,61406,75007,76108,61350,48282,45673,70023,437849
兵庫県,毎日,26240,37743,40569,36097,32132,27278,31115,231174,9042,13584,13832,11275,9264,7500,7652,72149
兵庫県,時々,31551,36601,33781,26293,19883,13696,14051,175856,21903,27093,26480,20709,15974,12857,14763,139779
兵庫県,ほとんど飲まない（飲めない）,33641,39939,37506,29067,22320,17586,22383,202442,38627,48419,48656,41557,36775,37506,54342,305882
奈良県,毎日,4938,7276,8129,7642,7127,6363,7881,49356,2003,2854,3069,2749,2243,1930,2082,16930
奈良県,時々,6122,7140,6899,5457,4368,3196,3610,36792,4506,5734,5924,4743,3623,3455,4284,32269
奈良県,ほとんど飲まない（飲めない）,7507,9396,8826,7038,5571,4764,6277,49379,9369,11600,11934,10396,9597,10518,15947,79361
和歌山県,毎日,3915,5815,6137,6061,6018,5411,6405,39762,1350,1974,2136,2018,1771,1607,1556,12412
和歌山県,時々,3997,4697,4167,3312,2763,2045,2212,23193,2521,3263,3278,2835,2454,2272,2860,19483
和歌山県,ほとんど飲まない（飲めない）,5353,6557,5930,4877,4219,3744,4682,35362,5838,7195,7465,7174,6902,7933,11324,53831
鳥取県,毎日,2921,3867,3763,3728,3873,3587,3623,25362,1019,1332,1174,1019,980,849,704,7077
鳥取県,時々,2694,2979,2452,2180,2021,1480,1453,15259,1741,2223,1894,1691,1599,1414,1432,11994
鳥取県,ほとんど飲まない（飲めない）,4072,4263,3606,3055,2607,2326,2543,22472,4809,5506,5278,5014,4988,5312,6776,37683
島根県,毎日,3754,4875,4741,4553,5251,5205,6027,34406,1237,1778,1415,1169,1311,1115,1121,9146
島根県,時々,3448,3981,3287,2824,2575,2136,2346,20597,2459,2981,2695,2440,2216,2235,2563,17589
島根県,ほとんど飲まない（飲めない）,4323,4827,4028,3424,3094,2943,3681,26320,5672,6735,6241,6111,6405,7122,9861,48147
岡山県,毎日,9293,13234,12616,11517,11330,10220,10518,78728,3075,4476,4114,3284,2896,2252,2063,22160
岡山県,時々,10520,12138,10431,8125,6528,4456,4190,56388,6745,8540,7708,6079,4963,4016,4314,42365
岡山県,ほとんど飲まない（飲めない）,13840,16319,14399,10980,8735,7061,8057,79391,16354,20038,19320,16507,15415,15155,19784,122573
広島県,毎日,16106,22758,23098,20293,18323,14144,13626,128348,5501,8287,7645,6037,4941,3311,2944,38666
広島県,時々,16099,18597,16294,12604,9744,6157,5582,85077,10950,13514,12563,9484,7412,5517,5608,65048
広島県,ほとんど飲まない（飲めない）,18374,22200,19754,14946,11421,8118,8707,103520,19916,24916,24508,20579,17859,16134,20085,143997
山口県,毎日,6478,9504,9375,8567,8596,7977,9029,59526,1982,2951,2848,2343,2153,2030,2046,16353
山口県,時々,6639,7900,6897,5513,4558,3426,3497,38430,4364,5371,5414,4287,3901,3490,4239,31066
山口県,ほとんど飲まない（飲めない）,8139,9704,8228,6305,5494,4671,5684,48225,8718,11152,11270,9924,9817,10960,15718,77559
徳島県,毎日,3270,4352,4405,4194,4403,4344,5045,30013,1128,1735,1709,1425,1295,1107,1031,9430
徳島県,時々,3258,3515,3065,2580,2139,1776,2023,18356,2329,2679,2554,2270,1931,1968,2118,15849
徳島県,ほとんど飲まない（飲めない）,4870,5381,4632,3948,3393,3393,4479,30096,5458,6585,6494,6053,6311,7827,10517,49245
香川県,毎日,4462,6686,6426,5838,5760,5476,6443,41091,1507,2315,2170,1692,1561,1349,1432,12026
香川県,時々,4861,5749,4864,3677,3133,2408,2735,27427,3214,4096,3685,2953,2646,2351,2982,21927
香川県,ほとんど飲まない（飲めない）,7310,8371,7289,5713,5035,4620,6371,44709,8397,10318,9828,8553,8729,9847,14934,70606
愛媛県,毎日,5714,8165,8204,7875,7598,5835,5208,48599,1898,2756,2660,2170,1666,1211,881,13242
愛媛県,時々,7684,9111,7653,6350,5087,3278,2788,41951,4766,5930,5671,4711,3672,2492,2199,29441
愛媛県,ほとんど飲まない（飲めない）,9391,10915,9266,7435,6351,4469,4394,52221,10863,12893,12577,11181,10348,9103,10171,77136
高知県,毎日,3615,5090,4916,4697,4982,4756,5396,33452,1486,2202,2085,1750,1752,1512,1585,12372
高知県,時々,3440,3887,3233,2630,2128,1634,1776,18728,2639,3163,2884,2445,2110,1888,2038,17167
高知県,ほとんど飲まない（飲めない）,4157,4870,4015,3137,2701,2597,3301,24778,5121,6283,6102,5662,5683,6322,8799,43972
福岡県,毎日,27417,34721,33721,29888,29080,25329,26950,207106,10651,14031,12799,10365,8854,7029,6706,70435
福岡県,時々,29316,30878,26469,20677,17140,13121,13386,150987,22283,25088,23022,18487,15078,13285,14583,131826
福岡県,ほとんど飲まない（飲めない）,31389,33964,28844,22296,19089,16723,20105,172410,37337,41563,39862,34759,32631,35153,47752,269057
佐賀県,毎日,4160,4905,4831,5143,5334,5290,5567,35230,1405,1822,1641,1456,1403,1163,984,9874
佐賀県,時々,4200,4344,3811,3332,2999,2486,2651,23823,2816,3374,3033,2699,2577,2373,2353,19225
佐賀県,ほとんど飲まない（飲めない）,4837,5123,4340,3787,3278,3352,3999,28716,5949,6595,6550,6478,6869,8097,10235,50773
長崎県,毎日,5387,7151,7703,7945,8216,8237,8784,53423,1854,2473,2354,2104,1875,1713,1570,13943
長崎県,時々,6003,6769,6064,5425,4727,4053,4431,37472,4739,5474,5243,4725,4251,3820,4189,32441
長崎県,ほとんど飲まない（飲めない）,6493,7393,6684,5749,5473,5387,6861,44040,8607,9934,10376,10183,10848,13628,18098,81674
熊本県,毎日,9250,10990,11057,11398,11892,11573,11357,77517,3605,4464,3820,3473,3254,2749,2285,23650
熊本県,時々,10281,10706,8961,8436,7373,6077,5932,57766,7743,8708,7828,7113,6382,5772,5651,49197
熊本県,ほとんど飲まない（飲めない）,10132,10948,9283,8240,7384,6652,7174,59813,13385,14953,14824,14884,14909,16195,19493,108643
大分県,毎日,5704,7568,7399,7251,7909,7669,8020,51520,2095,2696,2581,2126,1990,1707,1550,14745
大分県,時々,5690,6204,5325,4532,4222,3486,3578,33037,4246,4934,4677,4031,3749,3256,3530,28423
大分県,ほとんど飲まない（飲めない）,7339,8116,6676,5588,5394,4985,5872,43970,8926,10340,10183,9673,10460,11542,15358,76482
宮崎県,毎日,6525,7830,7478,7386,8005,7820,8174,53218,2144,2842,2495,2026,1978,1775,1623,14883
宮崎県,時々,5639,6088,5144,4493,3969,3121,3468,31922,4365,5052,4587,4060,3762,3662,4020,29508
宮崎県,ほとんど飲まない（飲めない）,5629,6223,5212,4520,4091,3871,4974,34520,7092,8146,7980,7986,8413,10076,13723,63416
鹿児島県,毎日,7978,9455,9469,10145,11547,11935,13472,74001,2550,3053,2723,2323,2361,2226,2054,17290
鹿児島県,時々,8011,8563,7494,6898,6284,5373,5666,48289,5961,6551,6046,5439,5113,5260,5555,39925
鹿児島県,ほとんど飲まない（飲めない）,7785,8307,7476,6947,6586,6707,8237,52045,9875,11079,11702,12059,13876,17584,23148,99323
沖縄県,毎日,6786,8166,7569,6391,5741,5037,4101,43791,2972,3417,2705,1838,1287,870,474,13563
沖縄県,時々,8991,10336,9060,7597,6391,5152,4416,51943,7158,8178,6825,5345,4030,2947,2041,36524
沖縄県,ほとんど飲まない（飲めない）,6365,7356,6256,5162,4562,4212,4640,38553,9643,10961,10917,10232,9894,10076,10835,72558
都道府県判別不可,毎日,15834,21439,24592,24088,14133,4541,2648,107275,5056,6837,6597,4898,2813,946,436,27583
都道府県判別不可,時々,30483,30851,29907,26601,12568,3135,1781,135326,13371,15212,14451,10633,5273,1903,1013,61856
都道府県判別不可,ほとんど飲まない（飲めない）,26923,28259,26773,22386,11104,3123,2118,120686,22789,26219,25896,20848,11444,5067,3256,115519
