都道府県名,二次医療圏番号,二次医療圏名,回答,男40～44歳,男45～49歳,男50～54歳,男55～59歳,男60～64歳,男65～69歳,男70～74歳,男中計,女40～44歳,女45～49歳,女50～54歳,女55～59歳,女60～64歳,女65～69歳,女70～74歳,女中計
北海道,0101,南渡島,はい,1989,2547,2370,2024,1875,1794,2068,14667,1204,1641,1802,1755,1800,2028,2759,12989
北海道,0101,南渡島,いいえ,2508,3197,2801,2650,2370,1974,2072,17572,2298,2954,2807,2386,2074,1998,2401,16918
北海道,0102,南檜山,はい,108,155,122,119,120,122,113,859,52,68,94,94,98,112,153,671
北海道,0102,南檜山,いいえ,164,193,211,186,183,143,166,1246,156,169,155,148,159,154,214,1155
北海道,0103,北渡島檜山,はい,175,203,183,164,137,148,160,1170,85,121,114,104,131,155,207,917
北海道,0103,北渡島檜山,いいえ,222,248,247,226,222,200,200,1565,164,201,175,209,171,199,216,1335
北海道,0104,札幌,はい,19102,22408,21086,18067,15306,9417,5669,111055,12080,14967,15026,13394,10297,5809,4202,75775
北海道,0104,札幌,いいえ,18336,22346,21291,18653,16033,9527,5517,111703,17324,20139,18411,14592,9944,5521,3825,89756
北海道,0105,後志,はい,1200,1524,1415,1362,1204,1079,1122,8906,657,951,971,943,947,1037,1371,6877
北海道,0105,後志,いいえ,1318,1751,1672,1480,1285,1163,1182,9851,1111,1480,1377,1263,1096,1009,1330,8666
北海道,0106,南空知,はい,828,1102,1011,1009,992,909,891,6742,482,706,748,790,816,744,970,5256
北海道,0106,南空知,いいえ,938,1352,1169,1191,1183,979,852,7664,851,1144,1131,1018,916,846,998,6904
北海道,0107,中空知,はい,484,688,666,589,570,531,640,4168,316,449,471,497,518,585,825,3661
北海道,0107,中空知,いいえ,571,837,760,824,751,624,720,5087,613,764,690,702,590,648,831,4838
北海道,0108,北空知,はい,129,165,155,181,184,193,210,1217,98,88,123,127,142,147,236,961
北海道,0108,北空知,いいえ,147,214,197,220,220,180,234,1412,171,214,213,203,187,236,276,1500
北海道,0109,西胆振,はい,833,1178,1050,940,870,904,1163,6938,497,727,780,757,785,923,1400,5869
北海道,0109,西胆振,いいえ,1046,1419,1326,1166,1060,974,1233,8224,1006,1294,1226,1082,937,1040,1417,8002
北海道,0110,東胆振,はい,1860,2244,1904,1610,1394,1354,1555,11921,841,1152,1100,1090,954,1251,1611,7999
北海道,0110,東胆振,いいえ,1885,2406,1959,1778,1470,1296,1316,12110,1482,1691,1455,1265,1130,1212,1622,9857
北海道,0111,日高,はい,359,437,375,337,310,247,291,2356,158,236,245,228,236,233,315,1651
北海道,0111,日高,いいえ,370,472,419,350,316,294,253,2474,340,402,362,329,281,304,322,2340
北海道,0112,上川中部,はい,2097,2604,2383,2080,1915,1249,849,13177,1140,1489,1680,1436,1204,773,642,8364
北海道,0112,上川中部,いいえ,2221,2721,2431,2213,2011,1266,815,13678,2045,2440,2167,1693,1226,735,727,11033
北海道,0113,上川北部,はい,283,373,354,351,311,236,247,2155,150,188,191,214,225,214,242,1424
北海道,0113,上川北部,いいえ,348,457,419,409,391,282,263,2569,316,360,308,276,277,259,336,2132
北海道,0114,富良野,はい,251,285,312,322,308,257,314,2049,158,203,222,231,235,252,349,1650
北海道,0114,富良野,いいえ,273,348,300,333,300,294,329,2177,304,367,356,304,297,316,446,2390
北海道,0115,留萌,はい,240,318,321,253,244,237,219,1832,132,184,172,195,221,271,341,1516
北海道,0115,留萌,いいえ,243,356,327,325,308,246,244,2049,223,297,310,257,250,211,299,1847
北海道,0116,宗谷,はい,325,397,382,364,342,250,250,2310,193,201,206,225,215,215,296,1551
北海道,0116,宗谷,いいえ,558,741,603,577,507,478,358,3822,439,493,445,387,345,315,311,2735
北海道,0117,北網,はい,1263,1642,1495,1311,1201,1003,1118,9033,711,948,913,1021,985,964,1316,6858
北海道,0117,北網,いいえ,1519,1866,1613,1590,1521,987,1006,10102,1322,1602,1439,1339,1155,1045,1288,9190
北海道,0118,遠紋,はい,330,445,417,390,361,312,385,2640,149,250,255,263,241,292,468,1918
北海道,0118,遠紋,いいえ,428,532,532,531,450,348,389,3210,343,366,428,397,381,412,519,2846
北海道,0119,十勝,はい,2156,2614,2402,2286,2130,1818,1990,15396,1205,1603,1681,1678,1563,1652,2250,11632
北海道,0119,十勝,いいえ,2387,2978,2673,2489,2293,1861,1836,16517,2205,2718,2526,2217,1956,1901,2137,15660
北海道,0120,釧路,はい,1407,1745,1625,1481,1383,1288,1395,10324,798,1102,1109,1085,1153,1305,1528,8080
北海道,0120,釧路,いいえ,1715,2185,2030,1788,1732,1311,1307,12068,1478,1838,1710,1446,1256,1261,1440,10429
北海道,0121,根室,はい,408,492,391,410,336,297,293,2627,228,267,256,246,268,263,288,1816
北海道,0121,根室,いいえ,542,616,552,493,454,341,306,3304,479,507,495,444,383,370,352,3030
青森県,0201,津軽地域,はい,1649,1788,1734,1565,1444,1018,909,10107,1071,1335,1377,1477,1228,1010,974,8472
青森県,0201,津軽地域,いいえ,2190,2459,2240,2223,1977,1379,1199,13667,1996,2232,2107,2091,1620,1251,1280,12577
青森県,0202,八戸地域,はい,2642,3133,3135,2802,2642,2155,2105,18614,1489,2115,2348,2237,2194,2166,2339,14888
青森県,0202,八戸地域,いいえ,3228,3955,3920,3470,3256,2528,2316,22673,2863,3442,3301,2819,2494,2262,2492,19673
青森県,0203,青森地域,はい,2390,2911,2819,2609,2402,1896,2109,17136,1590,2104,2095,2227,2107,2160,2780,15063
青森県,0203,青森地域,いいえ,2980,3645,3297,3193,3011,2237,2416,20779,2819,3284,2887,2596,2335,2155,2826,18902
青森県,0204,西北五地域,はい,546,661,665,668,597,635,709,4481,406,531,630,703,737,824,951,4782
青森県,0204,西北五地域,いいえ,724,934,925,998,845,882,946,6254,689,806,880,878,973,1132,1225,6583
青森県,0205,上十三地域,はい,1336,1495,1484,1368,1313,1122,1099,9217,791,1029,1085,1087,1160,1167,1291,7610
青森県,0205,上十三地域,いいえ,1636,1910,1676,1491,1468,1256,1295,10732,1362,1630,1498,1289,1235,1286,1456,9756
青森県,0206,下北地域,はい,406,500,456,462,445,392,414,3075,275,346,390,376,424,458,482,2751
青森県,0206,下北地域,いいえ,504,609,575,565,586,528,496,3863,468,613,566,475,490,502,533,3647
岩手県,0301,盛岡,はい,4459,5302,4901,4284,4011,3368,3787,30112,2791,3508,3565,3370,3471,3698,4448,24851
岩手県,0301,盛岡,いいえ,5113,5791,5420,4907,4611,3662,3799,33303,4617,5356,4764,4170,3794,3809,4650,31160
岩手県,0302,岩手中部,はい,2040,2345,2044,1882,1666,1583,1749,13309,1132,1478,1489,1393,1494,1628,2060,10674
岩手県,0302,岩手中部,いいえ,2499,2705,2355,2330,2123,1919,1888,15819,2042,2326,2064,1957,1755,1996,2240,14380
岩手県,0303,胆江,はい,1168,1374,1149,1091,1073,1067,1101,8023,660,805,795,834,926,1074,1290,6384
岩手県,0303,胆江,いいえ,1469,1666,1372,1375,1425,1355,1385,10047,1275,1414,1194,1179,1243,1373,1669,9347
岩手県,0304,両磐,はい,891,1046,951,912,913,909,1031,6653,511,674,648,698,825,947,1053,5356
岩手県,0304,両磐,いいえ,1251,1357,1203,1259,1277,1171,1154,8672,1045,1155,1115,1117,1086,1140,1187,7845
岩手県,0305,気仙,はい,352,474,509,497,398,422,451,3103,238,330,375,363,386,473,569,2734
岩手県,0305,気仙,いいえ,470,646,633,647,586,510,572,4064,434,544,547,613,521,604,686,3949
岩手県,0306,釜石,はい,240,291,287,276,254,298,330,1976,156,181,221,198,238,284,391,1669
岩手県,0306,釜石,いいえ,349,425,448,422,351,315,301,2611,290,355,325,348,331,327,431,2407
岩手県,0307,宮古,はい,478,524,605,583,495,492,636,3813,284,370,398,398,490,589,731,3260
岩手県,0307,宮古,いいえ,627,714,822,783,689,690,823,5148,509,637,674,583,630,713,958,4704
岩手県,0308,久慈,はい,348,446,407,368,384,346,424,2723,235,278,362,341,387,439,515,2557
岩手県,0308,久慈,いいえ,496,574,640,561,678,584,644,4177,447,540,568,476,565,617,699,3912
岩手県,0309,二戸,はい,335,374,389,385,409,444,465,2801,217,273,352,336,409,470,541,2598
岩手県,0309,二戸,いいえ,482,591,615,661,626,662,663,4300,476,516,599,546,575,685,778,4175
宮城県,0401,仙南,はい,1265,1388,1324,1226,1232,1401,1671,9507,751,945,913,1065,1180,1489,1633,7976
宮城県,0401,仙南,いいえ,1748,1932,1623,1530,1601,1719,1762,11915,1456,1721,1542,1426,1484,1684,1832,11145
宮城県,0403,仙台,はい,14068,16456,15887,12915,10824,9961,11254,91365,9531,11644,11683,10730,10515,10996,13945,79044
宮城県,0403,仙台,いいえ,17563,20791,18418,15078,12866,10709,11852,107277,16232,18718,16057,12471,10661,10668,13235,98042
宮城県,0406,大崎・栗原,はい,1971,2136,1884,1921,1936,1851,1860,13559,1158,1407,1500,1542,1687,1786,1894,10974
宮城県,0406,大崎・栗原,いいえ,3085,3196,2662,2675,2905,2947,3008,20478,2612,2862,2447,2393,2618,3020,3053,19005
宮城県,0409,石巻・登米・気仙沼,はい,2228,2515,2362,2282,2268,2476,2979,17110,1346,1639,1780,2034,2351,2814,3426,15390
宮城県,0409,石巻・登米・気仙沼,いいえ,3179,3579,3294,3116,3199,3220,3594,23181,2749,3168,2968,2957,2989,3266,3863,21960
秋田県,0501,大館・鹿角,はい,519,606,527,570,599,533,679,4033,306,380,415,425,544,662,874,3606
秋田県,0501,大館・鹿角,いいえ,689,812,792,811,797,756,816,5473,704,727,700,698,700,752,982,5263
秋田県,0502,北秋田,はい,124,146,127,179,158,211,244,1189,62,67,97,106,137,205,270,944
秋田県,0502,北秋田,いいえ,176,236,224,246,221,253,279,1635,153,205,183,186,218,272,335,1552
秋田県,0503,能代・山本,はい,453,495,509,499,516,523,589,3584,299,374,415,430,540,610,751,3419
秋田県,0503,能代・山本,いいえ,549,695,665,670,694,635,626,4534,536,643,707,668,664,679,788,4685
秋田県,0504,秋田周辺,はい,2269,2814,2626,2500,2257,2083,2496,17045,1532,1870,1960,1991,2135,2562,3311,15361
秋田県,0504,秋田周辺,いいえ,2848,3463,3234,3069,2856,2371,2622,20463,2626,3029,2871,2356,2348,2613,3359,19202
秋田県,0505,由利本荘・にかほ,はい,552,570,572,562,569,618,677,4120,330,415,452,493,518,718,749,3675
秋田県,0505,由利本荘・にかほ,いいえ,774,840,801,814,814,877,894,5814,750,814,817,774,843,949,957,5904
秋田県,0506,大仙・仙北,はい,585,676,637,663,708,778,968,5015,400,420,505,556,710,933,1174,4698
秋田県,0506,大仙・仙北,いいえ,766,822,796,774,894,961,1140,6153,740,812,749,763,948,1304,1304,6620
秋田県,0507,横手,はい,558,600,571,601,624,642,728,4324,347,431,473,498,595,768,842,3954
秋田県,0507,横手,いいえ,741,795,700,718,754,747,846,5301,760,857,817,778,801,958,931,5902
秋田県,0508,湯沢・雄勝,はい,332,340,354,374,453,505,538,2896,179,208,290,277,381,515,558,2408
秋田県,0508,湯沢・雄勝,いいえ,424,463,492,531,525,574,620,3629,357,466,467,477,527,617,688,3599
山形県,0601,村山,はい,3991,4325,4106,3764,3567,3002,2962,25717,2516,2777,2955,2979,3010,2546,2577,19360
山形県,0601,村山,いいえ,7591,8074,7141,6664,6639,6510,6922,49541,7197,7887,6881,6467,6493,6846,6919,48690
山形県,0602,最上,はい,432,455,430,454,481,366,362,2980,282,304,326,359,441,337,333,2382
山形県,0602,最上,いいえ,954,1094,945,1044,1173,1243,1246,7699,868,1026,1035,1044,1192,1331,1218,7714
山形県,0603,置賜,はい,1371,1593,1599,1515,1458,1238,1282,10056,776,917,990,1128,1129,1102,1110,7152
山形県,0603,置賜,いいえ,3109,3372,3036,2877,2862,2853,2889,20998,2837,3166,2976,2785,2771,2894,2891,20320
山形県,0604,庄内,はい,2156,2453,2393,2281,2257,1948,1966,15454,1515,1765,1867,1968,2136,2157,2287,13695
山形県,0604,庄内,いいえ,3467,3843,3497,3361,3530,3598,3826,25122,3295,3740,3515,3372,3415,3705,4101,25143
福島県,0701,県北,はい,3881,4596,4479,4190,3965,3727,4195,29033,2491,3186,3334,3451,3546,3833,4523,24364
福島県,0701,県北,いいえ,5049,5851,5253,4908,4703,4118,4519,34401,4719,5345,5043,4339,4227,4276,4774,32723
福島県,0702,県中,はい,4194,4843,4518,4011,4022,3487,3727,28802,2605,3219,3198,3344,3489,3619,4081,23555
福島県,0702,県中,いいえ,5258,5827,4877,4580,4268,3674,3660,32144,5000,5440,4811,4389,4119,3801,4283,31843
福島県,0703,県南,はい,1206,1349,1275,1268,1222,1223,1257,8800,703,875,835,923,1144,1237,1354,7071
福島県,0703,県南,いいえ,1727,1801,1440,1500,1425,1346,1361,10600,1502,1594,1341,1217,1374,1354,1388,9770
福島県,0706,相双,はい,892,1050,953,940,1040,1241,1521,7637,488,649,691,808,1068,1400,1592,6696
福島県,0706,相双,いいえ,1251,1443,1214,1218,1382,1634,1779,9921,1152,1260,1201,1166,1487,1717,1963,9946
福島県,0707,いわき,はい,2301,2744,2680,2460,2264,2012,2064,16525,1349,1714,1820,2029,2033,1900,2140,12985
福島県,0707,いわき,いいえ,3330,3977,3614,3110,2697,2156,2059,20943,2881,3385,3048,2529,2333,1966,2234,18376
福島県,0708,会津・南会津,はい,1896,2238,2086,2181,2257,2191,2415,15264,1197,1480,1637,1812,2065,2295,2460,12946
福島県,0708,会津・南会津,いいえ,2549,2725,2485,2602,2588,2449,2553,17951,2358,2699,2503,2528,2475,2679,2927,18169
茨城県,0801,水戸,はい,3976,4609,4570,3846,3116,2420,2117,24654,2324,2918,3206,2920,2493,2113,2141,18115
茨城県,0801,水戸,いいえ,4318,5381,4814,3930,3204,2068,1652,25367,3775,4430,3928,3184,2415,1970,1794,21496
茨城県,0802,日立,はい,1388,1855,1889,1734,1499,1345,1659,11369,952,1326,1650,1483,1409,1475,1895,10190
茨城県,0802,日立,いいえ,2153,2601,2572,2166,1876,1467,1447,14282,1839,2466,2436,1878,1538,1460,1724,13341
茨城県,0803,常陸太田・ひたちなか,はい,2941,3546,3828,3367,2694,2464,2870,21710,1695,2215,2613,2383,2349,2567,3002,16824
茨城県,0803,常陸太田・ひたちなか,いいえ,3445,4244,4068,3469,2835,2265,2121,22447,2802,3343,3283,2602,2282,2256,2426,18994
茨城県,0804,鹿行,はい,1727,2054,2039,1606,1371,1269,1312,11378,1035,1312,1455,1345,1318,1296,1390,9151
茨城県,0804,鹿行,いいえ,2504,3028,2679,2114,1642,1305,1079,14351,2075,2359,2171,1658,1430,1168,1217,12078
茨城県,0805,土浦,はい,2080,2580,2575,2241,1796,1695,1853,14820,1177,1615,1766,1644,1619,1656,2012,11489
茨城県,0805,土浦,いいえ,2518,3052,2765,2234,1742,1533,1418,15262,1930,2484,2209,1753,1512,1394,1683,12965
茨城県,0806,つくば,はい,3562,3760,3352,2663,2103,1855,2183,19478,2097,2580,2455,2030,1807,1901,2220,15090
茨城県,0806,つくば,いいえ,4017,4384,3679,2835,2182,1593,1620,20310,3495,3765,3000,2259,1775,1650,1818,17762
茨城県,0807,取手・竜ヶ崎,はい,3844,4817,4681,3765,3153,3023,3897,27180,2241,2905,3181,2854,2740,3090,3939,20950
茨城県,0807,取手・竜ヶ崎,いいえ,4332,5541,4941,4049,3148,2698,2934,27643,3839,4728,4071,3276,2775,2724,3264,24677
茨城県,0808,筑西・下妻,はい,1855,2245,2087,1888,1695,1803,1834,13407,1109,1410,1571,1538,1530,1816,1918,10892
茨城県,0808,筑西・下妻,いいえ,2481,2905,2553,2074,1985,1678,1333,15009,2012,2468,2272,1887,1789,1720,1514,13662
茨城県,0809,古河・坂東,はい,1618,1883,1910,1604,1379,1060,873,10327,885,1184,1350,1156,1117,934,882,7508
茨城県,0809,古河・坂東,いいえ,2192,2525,2410,1858,1644,1024,786,12439,1606,2030,1822,1389,1208,975,823,9853
栃木県,0901,県北,はい,3242,3729,3463,3154,2958,3145,3461,23152,1799,2305,2458,2417,2601,3036,3390,18006
栃木県,0901,県北,いいえ,4429,4773,4222,3418,3362,3068,3122,26394,3474,3950,3506,2938,3005,3117,3349,23339
栃木県,0902,県西,はい,1230,1556,1675,1506,1426,1272,1336,10001,722,984,1108,1053,1073,1145,1322,7407
栃木県,0902,県西,いいえ,1743,2226,1988,1649,1601,1486,1587,12280,1480,1856,1739,1527,1478,1574,1877,11531
栃木県,0903,宇都宮,はい,5468,6207,6225,5150,3952,2962,3174,33138,3016,3858,3995,3443,3013,2890,3458,23673
栃木県,0903,宇都宮,いいえ,6793,7702,6685,5155,3876,2512,2342,35065,5394,5980,5163,3776,2777,2281,2662,28033
栃木県,0904,県東,はい,1346,1545,1402,1268,1211,1299,1416,9487,674,897,956,893,1076,1296,1391,7183
栃木県,0904,県東,いいえ,1889,2068,1687,1498,1442,1419,1382,11385,1404,1589,1345,1208,1294,1413,1496,9749
栃木県,0905,県南,はい,3959,5016,4608,3970,3462,3443,3632,28090,2295,2959,3314,2901,3019,3218,3507,21213
栃木県,0905,県南,いいえ,5100,6415,5524,4505,4106,3354,3353,32357,4300,5003,4621,3606,3352,3391,3860,28133
栃木県,0906,両毛,はい,2023,2465,2525,2149,1798,1793,2005,14758,1039,1557,1667,1580,1506,1767,2211,11327
栃木県,0906,両毛,いいえ,2531,3143,2884,2417,1993,1459,1583,16010,1893,2266,2173,1804,1577,1551,1907,13171
群馬県,1001,前橋,はい,3757,4501,4333,3550,3206,2688,2672,24707,2241,2945,3161,2931,2660,2700,3173,19811
群馬県,1001,前橋,いいえ,2888,3441,3182,2708,2193,2076,2532,19020,2400,3053,2796,2373,1960,2236,3012,17830
群馬県,1002,渋川,はい,1071,1250,1237,1037,1085,997,1089,7766,708,881,1012,860,944,1034,1201,6640
群馬県,1002,渋川,いいえ,929,1054,900,810,850,700,728,5971,730,842,769,639,576,635,833,5024
群馬県,1003,伊勢崎,はい,2356,2828,2883,2500,2063,1838,2182,16650,1353,1835,2007,1766,1575,1884,2485,12905
群馬県,1003,伊勢崎,いいえ,2593,3201,2828,2272,1922,1432,1538,15786,2184,2586,2442,1835,1580,1548,2103,14278
群馬県,1004,高崎・安中,はい,4110,5219,5172,4267,3434,3032,3397,28631,2288,3263,3535,3177,2867,3136,4152,22418
群馬県,1004,高崎・安中,いいえ,3867,4834,4664,3708,2964,2364,2646,25047,3387,4260,4013,3153,2412,2501,3284,23010
群馬県,1005,藤岡,はい,512,711,654,611,534,524,694,4240,281,431,489,496,500,606,741,3544
群馬県,1005,藤岡,いいえ,559,745,686,557,501,415,496,3959,413,586,579,441,393,383,619,3414
群馬県,1006,富岡,はい,506,630,633,615,627,697,779,4487,293,418,499,501,548,667,818,3744
群馬県,1006,富岡,いいえ,554,720,640,647,591,565,619,4336,493,681,620,571,548,636,768,4317
群馬県,1007,吾妻,はい,342,472,503,480,509,527,634,3467,207,292,348,360,412,462,628,2709
群馬県,1007,吾妻,いいえ,347,482,481,459,521,498,543,3331,321,432,465,447,460,466,584,3175
群馬県,1008,沼田,はい,520,687,753,747,804,947,1092,5550,383,510,556,649,719,953,1089,4859
群馬県,1008,沼田,いいえ,598,741,716,668,624,561,554,4462,515,727,639,612,644,578,684,4399
群馬県,1009,桐生,はい,1263,1598,1729,1437,1271,1186,1582,10066,713,1092,1279,1113,1226,1343,1919,8685
群馬県,1009,桐生,いいえ,1269,1712,1613,1327,1160,929,1268,9278,1073,1417,1399,1094,875,1042,1522,8422
群馬県,1010,太田・館林,はい,3935,4498,4347,3504,2805,2970,4082,26141,2005,2716,2875,2451,2486,3371,4680,20584
群馬県,1010,太田・館林,いいえ,4399,5158,4607,3548,2463,1869,2194,24238,2766,3636,3137,2278,1760,1733,2540,17850
埼玉県,1101,南部,はい,8267,9263,9147,7038,4779,3451,3709,45654,4507,5475,5851,5007,3907,3108,4311,32166
埼玉県,1101,南部,いいえ,8129,9925,9402,7069,4920,3201,3103,45749,6805,8247,7515,5417,3520,2544,3450,37498
埼玉県,1102,南西部,はい,7340,8426,8384,6690,4814,3809,4870,44333,4416,5619,5918,5218,3923,3966,6024,35084
埼玉県,1102,南西部,いいえ,7703,9336,8894,6889,4594,3549,4274,45239,6836,8023,7657,5459,3717,3390,5297,40379
埼玉県,1103,東部,はい,10158,12435,12277,9518,6934,6118,8161,65601,6246,8005,8765,7312,6117,6898,10481,53824
埼玉県,1103,東部,いいえ,10638,13909,12853,9329,6773,5431,6962,65895,9512,11943,10950,7770,5762,5689,9000,60626
埼玉県,1104,さいたま,はい,13607,15490,15382,12428,9304,6286,6600,79097,7736,9596,10227,8962,6758,5397,6778,55454
埼玉県,1104,さいたま,いいえ,13789,16597,15920,12555,9533,7070,8353,83817,12060,13833,13341,9955,7446,7002,10104,73741
埼玉県,1105,県央,はい,4342,5510,5651,4591,3660,3404,4506,31664,2302,3175,3669,3134,2904,3398,5393,23975
埼玉県,1105,県央,いいえ,5605,7133,6799,5259,4171,3411,4089,36467,4464,5831,5692,4346,3359,3535,5270,32497
埼玉県,1106,川越比企,はい,6819,8427,8302,6741,5612,5205,6649,47755,3732,5025,5464,4983,4764,5247,7447,36662
埼玉県,1106,川越比企,いいえ,8181,10161,9425,7134,5831,4737,5673,51142,6329,7754,7246,5400,4601,4728,6432,42490
埼玉県,1107,西部,はい,6380,7982,8208,6976,5823,4957,6072,46398,4021,5227,5620,5233,4658,4934,6583,36276
埼玉県,1107,西部,いいえ,6922,9188,8768,6827,5363,4342,5061,46471,5989,7419,7135,5457,4277,3971,5576,39824
埼玉県,1108,利根,はい,4824,6015,5888,4922,4490,4546,5564,36249,2695,3642,3977,3701,3845,4524,6355,28739
埼玉県,1108,利根,いいえ,5867,7669,6914,5392,4787,4077,4577,39283,4730,5775,5309,4357,3808,4136,5552,33667
埼玉県,1109,北部,はい,4172,4876,4894,4166,3763,3471,3726,29068,2360,3167,3497,3348,3085,3262,3733,22452
埼玉県,1109,北部,いいえ,5005,6000,5523,4492,3700,3124,3085,30929,4057,4963,4562,3677,3308,2969,3497,27033
埼玉県,1110,秩父,はい,594,689,801,779,755,772,917,5307,362,509,548,583,626,781,871,4280
埼玉県,1110,秩父,いいえ,691,870,899,764,784,733,669,5410,561,775,783,679,680,701,735,4914
千葉県,1201,千葉,はい,8581,10768,11527,8995,6556,4835,6006,57268,5115,6803,7751,6411,5213,5084,7390,43767
千葉県,1201,千葉,いいえ,9483,12543,12422,9390,6815,4471,5081,60205,7907,10069,9995,7193,4914,4022,6161,50261
千葉県,1202,東葛南部,はい,17709,20957,21203,16252,10958,7740,8481,103300,11199,13819,14900,12071,9066,7738,9911,78704
千葉県,1202,東葛南部,いいえ,17914,22170,21530,16289,10817,6367,6148,101235,15574,18875,17596,12247,7614,5207,6672,83785
千葉県,1203,東葛北部,はい,13328,15573,15282,11962,9132,7621,9486,82384,8099,10240,10604,9336,7819,8200,11960,66258
千葉県,1203,東葛北部,いいえ,13728,16688,15522,11659,8641,6500,7613,80351,12048,14031,13020,9400,6817,6519,9011,70846
千葉県,1204,印旛,はい,5612,6603,6448,5279,4765,4952,5783,39442,3494,4556,4665,4260,4480,5058,5998,32511
千葉県,1204,印旛,いいえ,6484,7877,7324,5622,4912,4245,4557,41021,5694,6677,6120,4713,4077,3960,4633,35874
千葉県,1205,香取海匝,はい,1352,1656,1789,1579,1674,1841,2337,12228,792,1079,1319,1414,1674,2071,2674,11023
千葉県,1205,香取海匝,いいえ,1967,2473,2392,2175,2161,2103,2400,15671,1660,1946,2079,1899,2148,2421,2760,14913
千葉県,1206,山武長生夷隅,はい,2478,3110,3246,2891,2826,3147,3726,21424,1475,1967,2342,2366,2633,3041,3694,17518
千葉県,1206,山武長生夷隅,いいえ,3356,4286,4062,3619,3501,3222,3623,25669,2796,3422,3469,3104,3044,3142,3615,22592
千葉県,1207,安房,はい,553,727,764,618,598,610,689,4559,362,507,538,503,538,622,772,3842
千葉県,1207,安房,いいえ,792,1006,1054,877,896,772,851,6248,798,1016,987,779,765,829,1038,6212
千葉県,1208,君津,はい,2258,2685,2703,2138,2068,2416,3150,17418,1343,1647,1930,1729,1756,2396,3508,14309
千葉県,1208,君津,いいえ,3054,3815,3391,2664,2475,2357,2678,20434,2432,3008,2711,2202,1964,2341,3050,17708
千葉県,1209,市原,はい,1745,2146,2157,1772,1599,1964,2345,13728,1018,1423,1617,1461,1562,2035,2544,11660
千葉県,1209,市原,いいえ,2243,3056,2836,2194,1903,1882,1978,16092,1973,2430,2244,1769,1646,1796,2299,14157
東京都,1301,区中央部,はい,19961,21456,20738,16677,10804,5468,4593,99697,12819,14178,13698,10377,7110,4772,5546,68500
東京都,1301,区中央部,いいえ,17016,19294,17755,14307,9240,4250,3627,85489,14091,14815,12582,8458,5063,3064,3942,62015
東京都,1302,区南部,はい,14618,16155,16237,12391,8203,5428,6232,79264,10081,11848,11644,9228,6884,5993,8130,63808
東京都,1302,区南部,いいえ,13467,15501,15033,11438,7930,4943,5602,73914,12935,14039,12371,8375,5481,4496,6276,63973
東京都,1303,区西南部,はい,16175,17086,15937,13551,9523,6211,6814,85297,13782,15286,14951,12398,9521,7466,9574,82978
東京都,1303,区西南部,いいえ,12495,13468,12492,10619,7379,4937,5545,66935,14538,15863,13908,10074,6646,5262,7206,73497
東京都,1304,区西部,はい,15759,15991,14840,12211,8761,6086,6731,80379,12002,13278,13134,11222,8917,7157,9062,74772
東京都,1304,区西部,いいえ,12523,13531,12407,10033,7124,4933,5286,65837,13211,14057,12482,9223,6254,4728,6525,66480
東京都,1305,区西北部,はい,21959,23258,22163,18035,13896,10223,11475,121009,15409,17930,18501,16216,13664,12187,15426,109333
東京都,1305,区西北部,いいえ,18824,20970,19806,16126,12313,9064,10346,107449,18432,20621,19355,14815,11078,9327,12955,106583
東京都,1306,区東北部,はい,12984,15094,14838,11584,8607,7202,9156,79465,8848,10465,11391,10092,8416,8269,11724,69205
東京都,1306,区東北部,いいえ,11866,14651,13836,11133,8490,6779,8321,75076,11332,13693,13050,10229,7504,6849,9994,72651
東京都,1307,区東部,はい,17829,20543,20666,15797,10058,6723,7673,99289,11850,14222,14806,11401,8458,7303,9835,77875
東京都,1307,区東部,いいえ,16221,19483,19198,14496,9496,6427,6852,92173,15078,17135,16059,10846,6960,5686,8323,80087
東京都,1308,西多摩,はい,2652,3466,3807,3190,2670,2709,3892,22386,1714,2320,2738,2476,2370,2968,4427,19013
東京都,1308,西多摩,いいえ,3355,4270,4553,3649,2988,2779,3613,25207,2967,3893,4013,3331,2812,2884,4357,24257
東京都,1309,南多摩,はい,12989,15700,16530,13648,10107,8720,11990,89684,8575,10928,12223,10904,9517,9977,15206,77330
東京都,1309,南多摩,いいえ,12889,16113,16840,13465,9611,7639,10101,86658,12108,15133,15057,11194,8335,8273,12262,82362
東京都,1310,北多摩西部,はい,6125,7202,7381,6400,4849,4046,5556,41559,3955,4894,5440,4973,4378,4623,7029,35292
東京都,1310,北多摩西部,いいえ,6334,7506,7283,6260,4516,3258,3663,38820,5511,6469,6340,4971,3473,3044,4451,34259
東京都,1311,北多摩南部,はい,11381,12160,12213,10452,7588,5812,7217,66823,8123,9559,10048,8733,7184,6728,9108,59483
東京都,1311,北多摩南部,いいえ,10529,11580,11351,9757,6918,5095,6377,61607,10709,11715,11218,8597,6192,5349,7497,61277
東京都,1312,北多摩北部,はい,7191,8132,8337,7327,5594,4521,5817,46919,4827,5879,6525,6237,5314,5311,7548,41641
東京都,1312,北多摩北部,いいえ,6813,8084,8011,6878,5270,4030,4846,43932,6591,7671,7703,6081,4635,4115,5857,42653
東京都,1313,島しょ,はい,167,180,192,184,134,160,199,1216,118,134,135,108,140,147,192,974
東京都,1313,島しょ,いいえ,192,240,230,207,183,185,206,1443,222,232,228,155,167,199,227,1430
神奈川県,1404,川崎北部,はい,9404,10174,10447,8731,5687,3778,4008,52229,5970,7229,7661,6478,4815,3767,4693,40613
神奈川県,1404,川崎北部,いいえ,8761,10429,10430,8477,5381,3317,3283,50078,8386,9315,9139,6524,4144,2786,3561,43855
神奈川県,1405,川崎南部,はい,8437,9193,8281,6140,4245,2701,2526,41523,5197,5772,5478,4429,3094,2379,2815,29164
神奈川県,1405,川崎南部,いいえ,8099,9583,8726,6437,4236,2586,2341,42008,6841,7201,6397,4318,2773,1890,2194,31614
神奈川県,1406,横須賀・三浦,はい,4935,6881,7347,6138,4928,3833,4587,38649,3587,4768,5554,4825,3999,3893,5407,32033
神奈川県,1406,横須賀・三浦,いいえ,5236,7250,7688,6616,5181,3599,4143,39713,4690,6453,6553,4874,3673,3247,4435,33925
神奈川県,1407,湘南東部,はい,7296,8803,8876,7443,5370,4205,6316,48309,4668,5850,6313,5475,4704,5041,8626,40677
神奈川県,1407,湘南東部,いいえ,6930,8700,8889,7038,4835,2763,2890,42045,6157,7545,7006,4938,3138,2316,3239,34339
神奈川県,1408,湘南西部,はい,4583,5515,5742,4841,3751,3355,4483,32270,2693,3615,3824,3600,3134,3419,5333,25618
神奈川県,1408,湘南西部,いいえ,5334,6767,6762,5714,4309,3104,3948,35938,4331,5463,5337,3958,3061,2964,4343,29457
神奈川県,1409,県央,はい,7919,9519,9654,7851,5600,4439,6028,51010,4395,5998,6365,5387,4497,4602,7794,39038
神奈川県,1409,県央,いいえ,8835,11111,11015,8607,6125,3966,4901,54560,6563,8314,7939,5752,4069,3702,5779,42118
神奈川県,1410,相模原,はい,6368,7358,7605,6278,4525,3437,4140,39711,3730,4676,5050,4590,3664,3359,4660,29729
神奈川県,1410,相模原,いいえ,7011,8894,8766,7002,4896,3263,3520,43352,5636,6947,6836,5075,3546,2807,4093,34940
神奈川県,1411,県西,はい,2828,3410,3605,3229,2442,1862,2457,19833,1459,1927,2275,1971,1760,1949,2874,14215
神奈川県,1411,県西,いいえ,3265,4132,4200,3655,2601,1685,1956,21494,2430,3145,3037,2278,1852,1637,2343,16722
神奈川県,1412,横浜,はい,38136,44694,46707,38237,26897,18230,19211,232112,24226,30234,33472,28379,21643,17057,21082,176093
神奈川県,1412,横浜,いいえ,36444,45727,47234,38521,26930,16738,16305,227899,32189,39293,39053,28225,18582,13407,15957,186706
新潟県,1501,下越,はい,1757,2006,2081,1904,1811,1791,2028,13378,1152,1463,1517,1537,1579,1962,2276,11486
新潟県,1501,下越,いいえ,2126,2408,2288,2207,2046,1956,2247,15278,1851,2194,2177,1905,1888,1949,2334,14298
新潟県,1502,新潟,はい,9301,10992,10108,8666,7303,6339,6917,59626,5739,7139,7092,6729,6329,6545,8067,47640
新潟県,1502,新潟,いいえ,9436,11522,10388,8729,7523,6244,6676,60518,8265,10028,8752,7283,6103,5800,7540,53771
新潟県,1503,県央,はい,2203,2642,2642,2311,2053,1851,1871,15573,1274,1751,1822,1781,1692,1828,1947,12095
新潟県,1503,県央,いいえ,2280,2731,2507,2184,1955,1714,1790,15161,2036,2490,2346,1990,1713,1703,1929,14207
新潟県,1504,中越,はい,4496,5249,4860,4277,3922,3577,3950,30331,2788,3515,3623,3559,3566,3787,4640,25478
新潟県,1504,中越,いいえ,4765,5435,5033,4543,4088,3250,3868,30982,4507,5371,4692,3985,3523,3391,4277,29746
新潟県,1505,魚沼,はい,1562,1758,1659,1508,1571,1701,1899,11658,984,1180,1197,1256,1373,1666,1747,9403
新潟県,1505,魚沼,いいえ,1543,1723,1582,1600,1733,1767,1900,11848,1536,1723,1666,1459,1432,1602,1714,11132
新潟県,1506,上越,はい,1718,2106,2033,1865,1844,1838,2253,13657,995,1408,1522,1456,1616,1887,2323,11207
新潟県,1506,上越,いいえ,3622,4243,3923,3572,3319,2724,2726,24129,3009,3719,3284,2997,2572,2348,2719,20648
新潟県,1507,佐渡,はい,458,490,517,549,553,542,619,3728,276,314,370,366,448,498,617,2889
新潟県,1507,佐渡,いいえ,449,494,553,501,559,537,685,3778,438,518,458,466,533,533,671,3617
富山県,1601,新川,はい,912,1186,1139,997,884,763,945,6826,571,770,848,837,776,868,1297,5967
富山県,1601,新川,いいえ,1487,1891,1783,1397,1299,1062,1091,10010,1250,1700,1553,1334,1050,1039,1454,9380
富山県,1602,富山,はい,4244,5277,5279,4201,3499,2861,3137,28498,2566,3407,3723,3433,2983,2881,3783,22776
富山県,1602,富山,いいえ,6494,8408,7499,5812,4567,3335,3436,39551,5427,6895,6133,4610,3697,3149,3947,33858
富山県,1603,高岡,はい,2123,2859,2767,2269,1939,1907,2835,16699,1159,1685,1940,1738,1796,2276,3642,14236
富山県,1603,高岡,いいえ,4248,5446,4768,3884,3146,2689,3260,27441,3271,4421,4118,3241,2800,2742,4139,24732
富山県,1604,砺波,はい,821,1033,967,904,874,815,1307,6721,490,658,694,742,801,1021,1485,5891
富山県,1604,砺波,いいえ,1503,1912,1638,1393,1350,1238,1499,10533,1322,1689,1540,1326,1319,1445,1905,10546
石川県,1701,南加賀,はい,1953,2626,2337,1940,1643,1406,1834,13739,1214,1724,1738,1632,1514,1503,2150,11475
石川県,1701,南加賀,いいえ,2245,2968,2488,2064,1650,1276,1659,14350,2120,2696,2486,2011,1623,1523,2190,14649
石川県,1702,石川中央,はい,5847,7424,7162,5594,4649,3708,4589,38973,3508,4772,4851,4401,4110,3983,5391,31016
石川県,1702,石川中央,いいえ,8407,10413,9079,7104,5611,4277,4837,49728,7739,9467,8416,6345,5082,4429,6207,47685
石川県,1703,能登中部,はい,616,817,772,689,667,683,993,5237,373,547,583,606,645,842,1203,4799
石川県,1703,能登中部,いいえ,1017,1352,1201,1080,976,1011,1324,7961,887,1243,1083,1031,1015,1229,1671,8159
石川県,1704,能登北部,はい,240,355,332,359,393,404,601,2684,172,215,229,286,350,453,730,2435
石川県,1704,能登北部,いいえ,401,548,520,548,566,645,824,4052,386,494,546,502,559,667,923,4077
福井県,1801,福井・坂井,はい,2757,3293,3272,2867,2409,1569,1426,17593,1546,2024,2305,2197,1835,1310,1122,12339
福井県,1801,福井・坂井,いいえ,4690,5596,5021,4138,3418,2201,1593,26657,3784,4708,4274,3406,2625,1643,1388,21828
福井県,1802,奥越,はい,373,451,392,404,359,357,379,2715,241,298,334,357,370,383,393,2376
福井県,1802,奥越,いいえ,620,705,647,566,597,542,492,4169,590,645,611,612,556,529,561,4104
福井県,1803,丹南,はい,1305,1556,1490,1285,1013,784,859,8292,741,917,1012,949,933,773,925,6250
福井県,1803,丹南,いいえ,2587,2931,2433,2047,1685,1095,971,13749,2094,2433,2227,1824,1431,1048,1177,12234
福井県,1804,嶺南,はい,906,1121,1074,907,916,799,842,6565,419,655,634,677,676,752,916,4729
福井県,1804,嶺南,いいえ,1461,1658,1564,1460,1262,1018,1020,9443,1136,1427,1322,1125,955,962,1164,8091
山梨県,1901,中北,はい,3854,4629,4834,4413,3554,3135,3224,27643,2320,3252,3571,3391,3317,3280,3515,22646
山梨県,1901,中北,いいえ,5313,6363,5894,4974,4083,3692,3929,34248,4965,6022,5542,4739,4032,4021,4769,34090
山梨県,1902,峡東,はい,954,1254,1381,1220,1105,1011,1095,8020,607,884,1045,1033,967,1052,1054,6642
山梨県,1902,峡東,いいえ,1385,1695,1686,1395,1279,1163,1305,9908,1395,1650,1659,1403,1248,1280,1426,10061
山梨県,1903,峡南,はい,304,394,472,448,492,485,519,3114,209,281,337,380,417,520,579,2723
山梨県,1903,峡南,いいえ,509,589,582,599,606,637,733,4255,424,585,608,615,600,620,778,4230
山梨県,1904,富士・東部,はい,1253,1485,1747,1789,1585,1424,1327,10610,739,983,1280,1352,1361,1365,1394,8474
山梨県,1904,富士・東部,いいえ,1666,1967,2103,1973,1677,1376,1445,12207,1502,1824,1968,1790,1538,1336,1389,11347
長野県,2001,佐久,はい,1710,1962,2004,1882,1778,1640,1901,12877,1120,1305,1500,1495,1522,1624,2005,10571
長野県,2001,佐久,いいえ,2178,2397,2232,1966,1751,1495,1626,13645,1911,2172,2034,1784,1604,1507,1701,12713
長野県,2002,上小,はい,1507,1959,1978,1720,1504,1352,1568,11588,931,1304,1392,1338,1365,1403,1713,9446
長野県,2002,上小,いいえ,1940,2444,2132,1769,1450,1227,1174,12136,1612,2003,1915,1609,1362,1194,1449,11144
長野県,2003,諏訪,はい,1624,2108,2149,1886,1523,1352,1688,12330,979,1413,1549,1398,1368,1405,2016,10128
長野県,2003,諏訪,いいえ,2027,2558,2375,1735,1409,1214,1449,12767,1802,2465,2218,1676,1411,1268,1701,12541
長野県,2004,上伊那,はい,1743,2215,2110,1821,1658,1449,1734,12730,1014,1404,1493,1416,1378,1441,1884,10030
長野県,2004,上伊那,いいえ,2094,2612,2283,1883,1702,1351,1538,13463,1961,2441,2226,1816,1580,1466,1860,13350
長野県,2005,飯伊,はい,1489,1753,1632,1629,1361,1287,1316,10467,901,1116,1263,1185,1260,1245,1277,8247
長野県,2005,飯伊,いいえ,1660,1878,1925,1545,1349,1286,1224,10867,1519,1854,1639,1578,1384,1283,1315,10572
長野県,2006,木曽,はい,186,224,233,287,240,278,379,1827,107,119,138,193,224,265,366,1412
長野県,2006,木曽,いいえ,212,301,296,304,260,310,355,2038,212,218,256,236,245,252,390,1809
長野県,2007,松本,はい,4068,5165,4919,4203,3229,2566,2495,26645,2366,3129,3412,3146,2760,2345,2536,19694
長野県,2007,松本,いいえ,4521,5435,5183,3969,2997,2148,2047,26300,3764,4833,4433,3381,2615,2027,2225,23278
長野県,2008,大北,はい,492,619,654,628,509,480,629,4011,281,416,480,496,496,463,649,3281
長野県,2008,大北,いいえ,507,671,630,560,521,462,540,3891,452,634,596,550,448,426,515,3621
長野県,2009,長野,はい,4879,6064,6062,5235,4451,3794,4485,34970,2717,3907,4263,4139,3793,4010,5240,28069
長野県,2009,長野,いいえ,6030,7337,6990,5693,4727,3747,4292,38816,5307,6678,6315,5096,4089,3962,5298,36745
長野県,2010,北信,はい,711,796,791,800,754,687,792,5331,411,573,597,665,696,718,754,4414
長野県,2010,北信,いいえ,810,1004,970,916,841,843,927,6311,867,1041,948,932,840,793,901,6322
岐阜県,2101,岐阜,はい,5342,6886,6931,5811,4394,3456,3791,36611,3041,4329,4790,4342,3678,3376,4179,27735
岐阜県,2101,岐阜,いいえ,9252,11285,10461,8049,6196,4010,3752,53005,7154,8918,8582,6385,4743,3332,3894,43008
岐阜県,2102,西濃,はい,2478,3067,3172,2754,2329,2136,2707,18643,1381,1810,2030,2054,2025,2206,3061,14567
岐阜県,2102,西濃,いいえ,4328,5425,4880,3976,3389,2691,2772,27461,3223,4172,3928,3262,2891,2630,3282,23388
岐阜県,2103,中濃,はい,2624,3403,3253,2820,2597,2642,3100,20439,1433,2054,2262,2293,2304,2635,3148,16129
岐阜県,2103,中濃,いいえ,4388,5147,4619,3714,3449,2777,2980,27074,3224,3935,3773,3194,3010,2675,2949,22760
岐阜県,2104,東濃,はい,2779,3417,3400,3123,2652,2455,2747,20573,1453,1964,2196,2276,2276,2305,3048,15518
岐阜県,2104,東濃,いいえ,3474,4354,4080,3481,2947,2305,2315,22956,2828,3606,3616,3056,2788,2368,2862,21124
岐阜県,2105,飛騨,はい,1027,1385,1396,1257,1069,677,623,7434,645,881,1053,1002,875,685,574,5715
岐阜県,2105,飛騨,いいえ,1488,1763,1608,1403,1204,749,656,8871,1280,1628,1494,1318,953,639,645,7957
静岡県,2201,賀茂,はい,307,374,488,412,372,392,529,2874,179,246,314,317,322,443,617,2438
静岡県,2201,賀茂,いいえ,357,545,593,534,468,440,460,3397,307,480,486,402,397,418,565,3055
静岡県,2202,熱海伊東,はい,456,698,796,741,727,696,1094,5208,286,444,633,642,694,861,1560,5120
静岡県,2202,熱海伊東,いいえ,476,756,822,705,695,631,933,5018,554,780,829,698,656,696,1198,5411
静岡県,2203,駿東田方,はい,5201,6387,6507,5629,4543,3508,3562,35337,2870,4006,4413,4108,3748,3302,3993,26440
静岡県,2203,駿東田方,いいえ,6832,8395,8015,6465,5022,3395,3278,41402,5554,6970,6632,5301,3887,3215,3716,35275
静岡県,2204,富士,はい,3171,3732,3960,3388,2937,2437,2784,22409,1570,2226,2551,2414,2307,2328,2984,16380
静岡県,2204,富士,いいえ,4719,5740,5456,4448,3346,2460,2523,28692,3536,4429,4378,3575,2738,2422,2800,23878
静岡県,2205,静岡,はい,5457,6744,7260,6074,5262,4297,4903,39997,3140,4297,4854,4586,4226,3963,5059,30125
静岡県,2205,静岡,いいえ,7658,10047,9704,7818,6164,4508,4879,50778,6919,8514,8496,6546,5132,4187,5001,44795
静岡県,2206,志太榛原,はい,3598,4346,4351,3790,3429,2770,2974,25258,1991,2600,2825,2676,2651,2459,3004,18206
静岡県,2206,志太榛原,いいえ,5220,6300,5601,4677,4014,2950,2946,31708,4558,5428,4914,4117,3550,2900,3214,28681
静岡県,2207,中東遠,はい,4529,5014,4509,3910,3634,3049,3401,28046,2281,2989,2875,2645,2877,2861,3276,19804
静岡県,2207,中東遠,いいえ,6269,7187,6108,5050,4415,3372,3313,35714,5233,5837,5199,4275,3997,3522,3778,31841
静岡県,2208,西部,はい,8093,9419,9545,8124,6880,5417,6112,53590,4353,5750,6412,5650,5521,5013,6021,38720
静岡県,2208,西部,いいえ,10525,12236,11348,9178,7418,5297,5292,61294,8952,10658,10250,7800,6219,5140,5799,54818
愛知県,2302,海部,はい,2371,3362,3506,2753,2054,1702,2403,18151,1275,1866,2159,1855,1614,1772,3027,13568
愛知県,2302,海部,いいえ,3378,4568,4372,3201,2283,1811,2246,21859,2531,3525,3283,2432,1992,1875,2986,18624
愛知県,2304,尾張東部,はい,4705,5411,5541,4244,3403,2486,3513,29303,2496,3187,3529,3088,2599,2707,4250,21856
愛知県,2304,尾張東部,いいえ,5672,7021,6524,4856,3379,2430,2983,32865,4887,5737,5312,3706,2806,2561,3727,28736
愛知県,2305,尾張西部,はい,4111,5554,5621,4597,3400,3199,4297,30779,2394,3521,4050,3475,3078,3253,5327,25098
愛知県,2305,尾張西部,いいえ,5419,7091,6774,5312,3931,3044,3932,35503,4788,6176,5903,4647,3592,3540,5090,33736
愛知県,2306,尾張北部,はい,5853,7520,7723,6033,4454,3750,5084,40417,3056,4499,4859,4173,3506,3944,6023,30060
愛知県,2306,尾張北部,いいえ,7722,10020,9273,6897,4845,3617,4154,46528,6122,7835,7468,5172,3845,3670,5421,39533
愛知県,2307,知多半島,はい,6033,7563,7127,5771,4374,3857,5320,40045,3335,4566,4777,4217,3739,4080,6068,30782
愛知県,2307,知多半島,いいえ,7344,8973,8129,6339,4824,3777,4816,44202,6086,7235,6752,5114,4190,4050,5988,39415
愛知県,2308,西三河北部,はい,5171,5736,5880,4763,3715,2561,3278,31104,2671,3461,3605,2986,2453,2581,3486,21243
愛知県,2308,西三河北部,いいえ,7197,8123,7726,6126,4230,2549,2987,38938,4890,5839,5600,3928,2995,2654,3570,29476
愛知県,2309,西三河南部西,はい,7098,7911,7573,6082,4520,3624,4484,41292,3502,4539,4823,4325,3451,3444,4562,28646
愛知県,2309,西三河南部西,いいえ,9523,10827,9940,7598,5504,3768,4459,51619,7018,8111,7807,5957,4244,3917,4942,41996
愛知県,2310,西三河南部東,はい,3866,4134,4006,3147,2551,2441,3113,23258,2022,2479,2462,2373,2300,2395,3316,17347
愛知県,2310,西三河南部東,いいえ,6022,6779,6000,4624,3680,3108,3870,34083,4774,5490,5149,4074,3439,3400,4352,30678
愛知県,2311,東三河北部,はい,338,371,385,363,381,409,570,2817,171,231,238,266,324,430,610,2270
愛知県,2311,東三河北部,いいえ,574,667,591,529,499,483,585,3928,377,490,453,436,511,528,687,3482
愛知県,2312,東三河南部,はい,5029,5869,5785,4802,4116,3474,4073,33148,2522,3316,3696,3426,3433,3351,4675,24419
愛知県,2312,東三河南部,いいえ,7629,9019,8301,6453,5051,3768,4297,44518,5566,6787,6538,5220,4445,4118,5392,38066
愛知県,2313,名古屋・尾張中部,はい,23483,26971,26857,21590,15999,11967,13518,140385,13233,16445,17619,15538,12892,11429,14950,102106
愛知県,2313,名古屋・尾張中部,いいえ,26795,31248,29586,23275,16958,11150,11721,150733,21876,25165,23800,17568,12599,10013,13004,124025
三重県,2401,北勢,はい,6957,8709,8896,7368,5930,4804,6456,49120,3854,5315,5810,5144,4703,4851,7088,36765
三重県,2401,北勢,いいえ,9752,12422,11717,9219,7098,5562,6730,62500,7817,9845,9520,7577,5975,6087,8703,55524
三重県,2402,中勢伊賀,はい,3357,4066,3972,3325,3131,2865,3455,24171,1908,2512,2582,2447,2531,2720,3583,18283
三重県,2402,中勢伊賀,いいえ,4835,5812,5483,4518,4000,3312,3612,31572,4065,4897,4787,4025,3788,3642,4725,29929
三重県,2403,南勢志摩,はい,2809,3586,3714,3218,2919,2778,3704,22728,1709,2374,2561,2398,2529,2893,3925,18389
三重県,2403,南勢志摩,いいえ,4376,5522,5186,4660,3979,3565,4130,31418,3582,4743,4635,4172,3907,4361,5797,31197
三重県,2404,東紀州,はい,278,465,459,393,357,453,651,3056,163,234,246,294,333,466,768,2504
三重県,2404,東紀州,いいえ,539,680,680,672,640,656,714,4581,439,573,641,625,682,706,1041,4707
滋賀県,2501,大津,はい,3120,3650,3688,3132,2633,2171,2487,20881,2295,2672,2871,2585,2306,2013,2646,17388
滋賀県,2501,大津,いいえ,3709,4652,4162,3445,2742,2020,2187,22917,3701,4424,4142,3226,2623,1988,2533,22637
滋賀県,2502,湖南,はい,3373,3983,3622,2951,2052,1753,2188,19922,2151,2668,2553,2076,1751,1758,2674,15631
滋賀県,2502,湖南,いいえ,4526,5164,4492,3323,2355,1750,2015,23625,4129,4646,3901,2623,2020,1874,2567,21760
滋賀県,2503,甲賀,はい,1236,1427,1400,1184,1114,1021,1293,8675,660,817,853,874,931,966,1366,6467
滋賀県,2503,甲賀,いいえ,1849,2133,1895,1546,1352,1114,1244,11133,1446,1706,1487,1314,1321,1189,1444,9907
滋賀県,2504,東近江,はい,1918,2126,1939,1695,1530,1416,1679,12303,1114,1283,1337,1323,1309,1316,1639,9321
滋賀県,2504,東近江,いいえ,2825,3080,2695,2211,1977,1473,1553,15814,2345,2616,2308,2049,1840,1662,1876,14696
滋賀県,2505,湖東,はい,1217,1375,1255,1016,934,778,850,7425,697,849,916,813,826,812,923,5836
滋賀県,2505,湖東,いいえ,1918,2195,1898,1499,1260,973,923,10666,1533,1814,1612,1343,1189,1017,1139,9647
滋賀県,2506,湖北,はい,1092,1322,1252,1112,984,873,937,7572,644,805,921,881,858,880,919,5908
滋賀県,2506,湖北,いいえ,1859,2147,1989,1694,1426,1068,1055,11238,1655,1874,1818,1632,1403,1175,1240,10797
滋賀県,2507,湖西,はい,293,345,394,388,376,281,267,2344,186,254,285,316,334,277,331,1983
滋賀県,2507,湖西,いいえ,386,477,503,437,475,299,298,2875,409,471,510,508,415,307,346,2966
京都府,2601,丹後,はい,505,710,760,730,704,626,790,4825,317,494,515,590,567,645,824,3952
京都府,2601,丹後,いいえ,933,1246,1199,1090,984,845,905,7202,822,1153,1195,1028,992,873,979,7042
京都府,2602,中丹,はい,1157,1581,1553,1308,1235,1172,1508,9514,673,1001,1108,988,1111,1029,1709,7619
京都府,2602,中丹,いいえ,1869,2325,2050,1754,1517,1232,1458,12205,1531,2036,1837,1516,1406,1273,1753,11352
京都府,2603,南丹,はい,924,1176,1121,985,941,933,1176,7256,554,763,825,830,925,891,1227,6015
京都府,2603,南丹,いいえ,1273,1425,1300,1126,1082,931,1051,8188,1081,1333,1284,1121,1054,953,1212,8038
京都府,2604,京都・乙訓,はい,12752,15621,15652,12579,10134,7333,8560,82631,8781,10957,11345,10229,8201,7023,9036,65572
京都府,2604,京都・乙訓,いいえ,13035,16086,15220,12115,9369,6419,7045,79289,12794,15106,14133,10576,7700,5951,8039,74299
京都府,2605,山城北,はい,3542,4702,4513,3524,2729,2508,3640,25158,2124,2904,3041,2711,2498,2879,4656,20813
京都府,2605,山城北,いいえ,3921,5362,4748,3647,2871,2349,3073,25971,3603,4749,4155,3202,2521,2579,4271,25080
京都府,2606,山城南,はい,1073,1294,1267,969,835,744,1021,7203,639,821,821,778,731,770,1110,5670
京都府,2606,山城南,いいえ,1199,1514,1325,1026,820,688,828,7400,1071,1321,1124,880,680,702,1025,6803
大阪府,2701,豊能,はい,9378,10785,11018,8499,6192,4065,4425,54362,5637,7013,7596,6276,4654,3689,4632,39497
大阪府,2701,豊能,いいえ,8880,11026,10523,8236,5873,4258,5352,54148,8321,10151,9731,6853,4713,4405,6548,50722
大阪府,2702,三島,はい,6032,7606,7495,5522,4263,3254,4060,38232,3686,4772,5238,4240,3592,3393,4731,29652
大阪府,2702,三島,いいえ,6425,8297,7926,5681,4204,2935,3472,38940,6025,7535,6769,4447,3326,2891,4142,35135
大阪府,2703,北河内,はい,7405,9542,9698,7677,5420,3289,2484,45515,4371,6028,6312,5260,3660,2251,2200,30082
大阪府,2703,北河内,いいえ,8117,11018,10690,8070,5748,3059,2287,48989,6817,9031,9012,6093,3602,2047,1908,38510
大阪府,2704,中河内,はい,5285,6645,7112,5532,4059,2632,2877,34142,2954,4204,4620,4112,3134,2542,3265,24831
大阪府,2704,中河内,いいえ,5840,7998,7869,6033,4214,2585,2480,37019,4958,6829,6924,5211,3592,2569,2955,33038
大阪府,2705,南河内,はい,3243,4173,4482,3938,3290,2681,3019,24826,1923,2773,3222,2900,2556,2402,3137,18913
大阪府,2705,南河内,いいえ,3414,4836,5021,4156,3406,2349,2399,25581,3215,4244,4330,3448,2512,2121,2705,22575
大阪府,2706,堺市,はい,5686,7611,7629,5780,4332,3298,4386,38722,3544,4873,5242,4420,3484,3560,5319,30442
大阪府,2706,堺市,いいえ,6238,8683,8271,5997,4397,3264,3950,40800,6038,7769,7076,5010,3665,3490,5450,38498
大阪府,2707,泉州,はい,5194,7052,7480,5914,4500,3417,3674,37231,2950,4472,4965,4152,3327,3159,3774,26799
大阪府,2707,泉州,いいえ,6201,8478,8393,6517,4838,3328,3353,41108,5569,7181,7040,5160,3669,3009,3670,35298
大阪府,2708,大阪市,はい,24413,27870,27847,21227,14765,8456,6260,130838,17060,19969,20902,17536,12180,6778,5577,100002
大阪府,2708,大阪市,いいえ,23969,28816,28010,21268,14809,8098,5718,130688,23702,27256,25304,18890,11609,5683,4806,117250
兵庫県,2801,神戸,はい,12998,15729,15979,13187,10991,8845,10492,88221,8800,11200,11903,10669,9742,9359,12240,73913
兵庫県,2801,神戸,いいえ,12918,16624,15981,12680,10238,7440,7978,83859,11851,14565,13521,10431,7963,6388,8585,73304
兵庫県,2804,東播磨,はい,5509,6573,6651,5279,4309,3489,4044,35854,3137,4001,4356,3783,3269,3330,4438,26314
兵庫県,2804,東播磨,いいえ,7300,8760,8109,6152,4753,3608,3872,42554,5575,6901,6457,4644,3540,3320,4365,34802
兵庫県,2805,北播磨,はい,1596,2056,2013,1852,1586,1431,1726,12260,934,1263,1373,1311,1247,1357,1682,9167
兵庫県,2805,北播磨,いいえ,2389,2910,2757,2271,1919,1591,1646,15483,1947,2448,2309,1960,1775,1596,1841,13876
兵庫県,2808,但馬,はい,1044,1344,1336,1205,1251,1232,1403,8815,601,849,984,1000,1074,1214,1414,7136
兵庫県,2808,但馬,いいえ,1654,1997,1761,1574,1612,1455,1619,11672,1438,1850,1821,1692,1690,1604,1754,11849
兵庫県,2809,丹波,はい,625,741,725,637,723,696,767,4914,399,459,547,538,632,634,754,3963
兵庫県,2809,丹波,いいえ,963,1130,950,838,804,677,710,6072,766,949,869,851,840,745,760,5780
兵庫県,2810,淡路,はい,721,914,892,805,792,851,952,5927,452,555,559,609,662,751,987,4575
兵庫県,2810,淡路,いいえ,1030,1245,1147,1070,1087,1007,1148,7734,1101,1339,1254,1075,1242,1257,1391,8659
兵庫県,2811,阪神,はい,13641,17568,18134,14757,11086,7838,8731,91755,8709,11870,13051,10878,8565,7182,9045,69300
兵庫県,2811,阪神,いいえ,13141,17347,17507,13753,9893,6628,6993,85262,12719,16061,15514,11143,7848,5954,7874,77113
兵庫県,2812,播磨姫路,はい,5564,7012,6687,5775,4847,4256,5379,39520,3158,4356,4527,4202,3897,4303,6131,30574
兵庫県,2812,播磨姫路,いいえ,7791,9605,8598,7131,5965,4874,5690,49654,6174,8037,7265,5960,5113,5263,7225,45037
奈良県,2901,奈良,はい,2303,2958,3174,2737,2192,1658,1649,16671,1568,2099,2444,2083,1686,1438,1715,13033
奈良県,2901,奈良,いいえ,2534,3302,3325,2768,2277,1484,1402,17092,2717,3403,3358,2604,1825,1493,1615,17015
奈良県,2902,東和,はい,1077,1442,1455,1292,1154,1050,1339,8809,736,902,1038,1038,1064,1087,1501,7366
奈良県,2902,東和,いいえ,1431,1851,1824,1566,1353,1137,1271,10433,1379,1688,1676,1426,1211,1176,1504,10060
奈良県,2903,西和,はい,2324,2989,3042,2427,2009,1818,2585,17194,1612,2058,2194,1904,1768,1983,3246,14765
奈良県,2903,西和,いいえ,2694,3601,3494,2826,2206,1663,2147,18631,2565,3310,3096,2405,1933,2011,2915,18235
奈良県,2904,中和,はい,2555,3135,3274,2728,2208,1966,2406,18272,1622,2096,2360,2164,1945,2015,2799,15001
奈良県,2904,中和,いいえ,2895,3812,3694,2990,2388,1795,2059,19633,2781,3428,3417,2708,2102,2008,2675,19119
奈良県,2905,南和,はい,261,351,397,386,462,403,378,2638,197,251,278,366,356,348,401,2197
奈良県,2905,南和,いいえ,349,471,537,520,494,404,386,3161,350,484,458,510,528,403,425,3158
和歌山県,3001,和歌山,はい,2769,3626,3623,3109,2632,2297,2895,20951,1509,2086,2321,2133,1955,2212,3317,15533
和歌山県,3001,和歌山,いいえ,2969,3742,3740,2998,2552,2093,2720,20814,2583,3230,3135,2692,2256,2421,3666,19983
和歌山県,3002,那賀,はい,699,934,1003,803,819,752,932,5942,407,581,691,692,657,776,1016,4820
和歌山県,3002,那賀,いいえ,771,1018,945,853,706,598,663,5554,721,916,907,834,720,673,835,5606
和歌山県,3003,橋本,はい,510,641,616,600,611,656,755,4389,322,450,481,508,535,622,781,3699
和歌山県,3003,橋本,いいえ,468,687,617,589,594,525,572,4052,467,623,648,557,612,575,737,4219
和歌山県,3004,有田,はい,464,560,585,490,458,463,583,3603,349,417,461,419,437,476,558,3117
和歌山県,3004,有田,いいえ,468,646,547,520,462,418,472,3533,474,526,579,515,482,512,551,3639
和歌山県,3005,御坊,はい,413,566,514,456,430,446,514,3339,282,310,363,358,377,447,529,2666
和歌山県,3005,御坊,いいえ,549,647,568,531,516,459,448,3718,431,568,524,489,459,512,486,3469
和歌山県,3006,田辺,はい,787,1006,1003,910,899,779,886,6270,452,581,660,693,731,763,912,4792
和歌山県,3006,田辺,いいえ,901,1206,1078,1003,907,749,751,6595,999,1182,1107,1119,925,822,999,7153
和歌山県,3007,新宮,はい,334,498,477,445,414,429,592,3189,214,291,328,368,385,470,691,2747
和歌山県,3007,新宮,いいえ,331,436,468,412,422,317,447,2833,289,361,394,381,384,447,594,2850
鳥取県,3101,東部,はい,1545,1847,1693,1507,1363,1343,1461,10759,889,1114,1194,1247,1238,1387,1583,8652
鳥取県,3101,東部,いいえ,2534,2922,2348,2169,2108,1801,1761,15643,2350,2677,2315,1981,1952,1910,2075,15260
鳥取県,3102,中部,はい,526,615,566,578,566,497,594,3942,332,427,412,422,500,544,641,3278
鳥取県,3102,中部,いいえ,984,1029,958,847,828,790,715,6151,833,1047,867,813,817,801,848,6026
鳥取県,3103,西部,はい,1469,1733,1713,1484,1366,1246,1396,10407,902,1124,1184,1171,1166,1202,1578,8327
鳥取県,3103,西部,いいえ,2236,2678,2302,1981,1764,1476,1444,13881,2087,2457,2122,1806,1622,1408,1795,13297
島根県,3201,松江,はい,1804,2088,2101,1732,1639,1482,1725,12571,1129,1465,1465,1440,1357,1460,1909,10225
島根県,3201,松江,いいえ,2353,2901,2615,2166,1987,1653,1823,15498,2291,2852,2516,2082,1945,1735,2303,15724
島根県,3202,雲南,はい,382,482,371,365,403,414,473,2890,241,267,262,292,343,321,389,2115
島根県,3202,雲南,いいえ,532,651,555,517,643,616,696,4210,533,635,567,554,571,575,758,4193
島根県,3203,出雲,はい,1318,1526,1417,1256,1181,1092,1327,9117,829,1057,950,991,1033,1097,1339,7296
島根県,3203,出雲,いいえ,1743,2048,1722,1497,1434,1327,1525,11296,1722,1928,1634,1473,1370,1497,1759,11383
島根県,3204,大田,はい,296,382,342,310,348,352,423,2453,194,246,226,239,310,357,411,1983
島根県,3204,大田,いいえ,503,558,466,451,506,514,635,3633,420,547,492,474,566,586,755,3840
島根県,3205,浜田,はい,536,711,561,542,561,548,686,4145,299,423,374,379,476,529,763,3243
島根県,3205,浜田,いいえ,688,802,740,668,762,750,940,5350,668,778,740,685,714,779,1044,5408
島根県,3206,益田,はい,371,469,394,439,449,508,667,3297,224,273,247,290,392,500,725,2651
島根県,3206,益田,いいえ,593,665,507,493,576,602,683,4119,463,597,525,488,521,632,819,4045
島根県,3207,隠岐,はい,134,132,100,109,113,120,159,867,84,100,86,91,98,144,176,779
島根県,3207,隠岐,いいえ,219,228,170,178,176,218,250,1439,185,216,173,165,167,197,290,1393
岡山県,3301,県南東部,はい,7060,8999,8205,6621,5714,4966,5486,47051,4392,5710,5963,5130,4878,4766,5886,36725
岡山県,3301,県南東部,いいえ,9005,11150,9720,7752,6426,5160,5298,54511,8303,10042,8904,7139,6033,5286,6760,52467
岡山県,3302,県南西部,はい,4889,6262,5870,4587,3902,3621,3973,33104,2888,4104,4154,3383,3178,3292,4148,25147
岡山県,3302,県南西部,いいえ,7435,9243,8118,6157,5070,3956,3772,43751,6132,7808,6859,5171,4497,3967,4739,39173
岡山県,3303,高梁・新見,はい,309,412,352,338,370,375,436,2592,183,226,212,239,332,357,391,1940
岡山県,3303,高梁・新見,いいえ,429,510,497,480,577,514,438,3445,379,495,435,463,535,496,521,3324
岡山県,3304,真庭,はい,283,288,268,249,299,307,378,2072,164,199,182,235,254,308,365,1707
岡山県,3304,真庭,いいえ,423,517,381,372,458,403,426,2980,389,415,395,412,455,466,513,3045
岡山県,3305,津山・英田,はい,1031,1309,1126,901,1018,1018,1148,7551,701,900,863,798,921,969,1166,6318
岡山県,3305,津山・英田,いいえ,1573,1858,1631,1244,1295,1159,1241,10001,1423,1649,1471,1275,1375,1256,1478,9927
広島県,3401,広島,はい,10543,13271,12974,10393,7772,4746,3531,63230,6197,8171,8457,7080,5312,3291,2853,41361
広島県,3401,広島,いいえ,15038,18957,17708,13718,10286,5675,3926,85308,12543,15493,14044,10028,6838,3925,3236,66107
広島県,3402,広島西,はい,903,1124,1037,903,909,786,808,6470,557,724,742,680,700,684,632,4719
広島県,3402,広島西,いいえ,1300,1620,1495,1316,1138,798,660,8327,1058,1316,1260,1053,900,650,600,6837
広島県,3403,呉,はい,1066,1693,1602,1465,1277,1096,1421,9620,734,1075,1088,1032,1032,1117,1638,7716
広島県,3403,呉,いいえ,1850,2621,2489,2100,1724,1262,1018,13064,1508,2110,1984,1710,1263,912,1114,10601
広島県,3404,広島中央,はい,1824,2223,2126,1808,1425,1015,1180,11601,842,1252,1266,1183,1074,946,1152,7715
広島県,3404,広島中央,いいえ,2483,3040,2777,2157,1705,1061,902,14125,1737,2217,1980,1461,1274,850,905,10424
広島県,3405,尾三,はい,1374,1711,1596,1400,1315,1275,1453,10124,788,1099,1143,1086,1176,1228,1511,8031
広島県,3405,尾三,いいえ,2165,2787,2412,1982,1876,1478,1448,14148,1686,2205,2029,1746,1697,1473,1649,12485
広島県,3406,福山・府中,はい,3383,4128,3752,3149,2624,2148,2431,21615,1806,2443,2399,2186,2010,1977,2409,15230
広島県,3406,福山・府中,いいえ,5301,6462,5487,4230,3584,2660,2282,30006,4167,5023,4621,3436,2881,2323,2384,24835
広島県,3407,備北,はい,553,635,573,496,552,615,787,4211,364,452,475,468,566,707,824,3856
広島県,3407,備北,いいえ,706,881,778,685,728,671,621,5070,668,812,697,665,681,621,624,4768
山口県,3501,岩国,はい,660,883,941,832,778,774,964,5832,400,565,681,632,619,796,1019,4712
山口県,3501,岩国,いいえ,998,1388,1276,1085,974,791,828,7340,843,1145,1128,883,797,754,1004,6554
山口県,3502,柳井,はい,376,495,470,391,439,451,437,3059,212,331,391,339,355,422,547,2597
山口県,3502,柳井,いいえ,606,841,748,587,549,473,479,4283,533,680,663,514,538,486,545,3959
山口県,3503,周南,はい,1545,2087,2107,1598,1413,1352,1749,11851,925,1381,1437,1374,1294,1480,2215,10106
山口県,3503,周南,いいえ,2337,3142,2802,2075,1757,1343,1538,14994,1949,2635,2337,1665,1463,1375,1939,13363
山口県,3504,山口・防府,はい,2265,2685,2615,2233,2005,1599,1751,15153,1103,1466,1686,1529,1524,1413,1713,10434
山口県,3504,山口・防府,いいえ,3349,4323,3650,2949,2559,1774,1616,20220,2612,3134,2702,2126,1785,1487,1622,15468
山口県,3505,宇部・小野田,はい,1681,2029,1899,1737,1548,1341,1527,11762,859,1109,1299,1169,1166,1319,1701,8622
山口県,3505,宇部・小野田,いいえ,2230,2815,2380,1913,1621,1285,1273,13517,1828,2100,2015,1611,1371,1241,1536,11702
山口県,3506,下関,はい,1043,1350,1192,1000,860,630,398,6473,549,733,841,862,670,439,353,4447
山口県,3506,下関,いいえ,1562,1940,1645,1375,1089,713,403,8727,1219,1463,1310,1069,827,462,350,6700
山口県,3507,長門,はい,246,316,278,215,249,222,259,1785,171,209,227,214,263,228,298,1610
山口県,3507,長門,いいえ,266,295,243,197,239,213,226,1679,199,231,237,209,232,254,265,1627
山口県,3508,萩,はい,275,360,339,327,334,359,379,2373,161,244,266,278,322,371,433,2075
山口県,3508,萩,いいえ,352,468,423,366,407,393,411,2820,278,380,391,341,356,423,519,2688
徳島県,3601,東部,はい,3426,4125,4002,3442,3038,2835,3614,24482,2096,2737,2811,2716,2652,3240,4041,20293
徳島県,3601,東部,いいえ,4282,5058,4482,4036,3601,3161,3553,28173,4171,4994,4685,3919,3514,3781,4578,29642
徳島県,3603,南部,はい,890,1050,947,865,776,929,1222,6679,462,602,663,658,784,1003,1394,5566
徳島県,3603,南部,いいえ,1199,1452,1284,1123,1109,1090,1453,8710,1062,1270,1316,1135,1143,1321,1762,9009
徳島県,3605,西部,はい,368,406,406,425,463,537,643,3248,215,304,336,387,455,560,750,3007
徳島県,3605,西部,いいえ,502,550,522,512,632,718,789,4225,498,571,529,578,644,737,809,4366
香川県,3702,小豆,はい,139,153,131,152,132,145,217,1069,83,129,114,113,138,156,237,970
香川県,3702,小豆,いいえ,185,188,195,174,179,201,295,1417,214,212,214,209,208,283,403,1743
香川県,3706,東部,はい,3835,5051,4693,3826,3228,2750,3475,26858,2306,3314,3335,2841,2778,2780,4093,21447
香川県,3706,東部,いいえ,4926,6143,5384,4263,3835,3135,3660,31346,4887,5959,5266,4041,3539,3463,4734,31889
香川県,3707,西部,はい,2441,3113,2857,2413,2398,2221,2804,18247,1482,2065,2012,1928,1952,2227,3136,14802
香川県,3707,西部,いいえ,3297,3950,3439,2881,2772,2547,2985,21871,3084,3761,3379,2779,2828,2818,3833,22482
愛媛県,3801,宇摩,はい,582,761,652,618,492,356,336,3797,315,448,416,361,314,322,331,2507
愛媛県,3801,宇摩,いいえ,796,962,851,760,598,417,360,4744,645,758,745,632,485,417,364,4046
愛媛県,3802,新居浜・西条,はい,1313,1737,1548,1383,1106,787,848,8722,713,934,1006,1000,803,714,864,6034
愛媛県,3802,新居浜・西条,いいえ,2174,2609,2216,1910,1634,1070,934,12547,1786,2154,1880,1557,1259,993,1023,10652
愛媛県,3803,今治,はい,949,1148,1066,948,823,695,878,6507,476,659,812,692,713,696,960,5008
愛媛県,3803,今治,いいえ,1526,1987,1800,1391,1290,990,1060,10044,1330,1686,1555,1283,1086,861,1125,8926
愛媛県,3804,松山,はい,4919,6096,5547,4679,4058,2851,2351,30501,2827,3635,3937,3496,3218,2532,2360,22005
愛媛県,3804,松山,いいえ,6989,8429,7475,6005,5185,3369,2377,39829,6409,7480,6583,5220,4132,2911,2531,35266
愛媛県,3805,八幡浜・大洲,はい,745,907,928,926,874,679,736,5795,455,563,699,702,732,724,808,4683
愛媛県,3805,八幡浜・大洲,いいえ,1182,1511,1239,1284,1312,1031,960,8519,1164,1364,1381,1254,1147,1005,1025,8340
愛媛県,3806,宇和島,はい,621,790,725,748,657,559,695,4795,366,538,613,599,687,663,787,4253
愛媛県,3806,宇和島,いいえ,900,1134,979,923,921,745,811,6413,892,1160,1083,1018,929,878,995,6955
高知県,3901,安芸,はい,262,301,310,283,283,269,386,2094,145,189,235,252,273,382,527,2003
高知県,3901,安芸,いいえ,342,412,401,401,386,377,437,2756,284,391,349,345,370,432,577,2748
高知県,3902,中央,はい,4080,5020,4549,3814,3319,3014,3540,27336,2641,3419,3600,3310,3261,3230,4253,23714
高知県,3902,中央,いいえ,4654,5839,4856,4152,3805,3163,3459,29928,4631,5592,4907,4014,3484,3144,3937,29709
高知県,3903,高幡,はい,353,366,378,336,358,403,579,2773,174,267,264,299,347,485,581,2417
高知県,3903,高幡,いいえ,407,498,465,423,517,525,565,3400,355,444,403,395,446,476,606,3125
高知県,3904,幡多,はい,491,552,508,424,491,530,743,3739,296,429,407,433,477,728,934,3704
高知県,3904,幡多,いいえ,549,744,597,558,610,667,741,4466,593,745,675,598,673,728,969,4981
福岡県,4001,福岡・糸島,はい,15036,16558,15489,12235,9796,7728,8627,85469,10352,11671,11496,9824,8254,7660,9427,68684
福岡県,4001,福岡・糸島,いいえ,16427,18120,16056,12522,9761,6873,6288,86047,15733,16895,14312,10225,7524,5942,6876,77507
福岡県,4002,粕屋,はい,2652,3014,2376,1784,1607,1413,1459,14305,1597,1815,1639,1377,1299,1256,1377,10360
福岡県,4002,粕屋,いいえ,3298,3927,3065,2181,1985,1450,1263,17169,2940,3221,2431,1799,1522,1230,1263,14406
福岡県,4003,宗像,はい,1311,1260,1196,951,1006,983,1031,7738,799,869,897,882,861,942,1020,6270
福岡県,4003,宗像,いいえ,1599,1665,1243,1075,1057,819,796,8254,1476,1502,1226,1003,923,796,817,7743
福岡県,4004,筑紫,はい,3530,4032,3720,3076,2638,2317,2622,21935,2192,2730,2829,2451,2332,2333,2835,17702
福岡県,4004,筑紫,いいえ,3807,4565,3969,3065,2637,2068,2147,22258,3777,4306,3742,2902,2192,1888,2375,21182
福岡県,4005,朝倉,はい,601,633,569,516,537,570,674,4100,317,425,402,446,473,609,728,3400
福岡県,4005,朝倉,いいえ,837,893,761,638,636,639,646,5050,718,795,738,666,645,658,732,4952
福岡県,4006,久留米,はい,3005,3367,3095,2896,2755,2458,2752,20328,1882,2294,2522,2458,2376,2547,3160,17239
福岡県,4006,久留米,いいえ,3848,4397,3803,3158,2859,2384,2411,22860,3580,4146,3845,3089,2628,2481,2821,22590
福岡県,4007,八女・筑後,はい,868,984,894,840,866,863,975,6290,528,605,697,751,726,906,1054,5267
福岡県,4007,八女・筑後,いいえ,1210,1263,1136,1049,1070,888,969,7585,1071,1259,1200,1091,1059,981,1140,7801
福岡県,4008,有明,はい,1191,1287,1287,1237,1344,1236,1538,9120,730,894,964,1102,1112,1387,1833,8022
福岡県,4008,有明,いいえ,1439,1646,1526,1496,1383,1257,1412,10159,1318,1607,1521,1444,1331,1417,1840,10478
福岡県,4009,飯塚,はい,1172,1323,1156,982,1153,1134,1509,8429,770,901,936,870,1070,1267,1799,7613
福岡県,4009,飯塚,いいえ,1466,1614,1244,1079,1118,1042,1234,8797,1459,1716,1376,1114,1200,1216,1510,9591
福岡県,4010,直方・鞍手,はい,728,793,657,575,691,676,851,4971,407,392,553,506,568,707,972,4105
福岡県,4010,直方・鞍手,いいえ,1013,1022,837,699,703,639,753,5666,792,898,758,638,648,677,830,5241
福岡県,4011,田川,はい,642,785,651,588,611,671,798,4746,429,541,525,541,590,766,921,4313
福岡県,4011,田川,いいえ,890,1001,889,709,774,736,772,5771,860,1003,893,799,765,770,892,5982
福岡県,4012,北九州,はい,7540,8601,8450,7180,6548,6104,7316,51739,4504,5754,6325,6082,5677,6049,8679,43070
福岡県,4012,北九州,いいえ,9257,11034,9632,7800,7270,6098,6891,57982,8528,10035,9357,7255,6059,5895,8216,55345
福岡県,4013,京築,はい,1320,1548,1467,1174,1214,1261,1529,9513,772,1035,1025,986,1100,1238,1646,7802
福岡県,4013,京築,いいえ,1706,2124,1830,1610,1410,1224,1325,11229,1409,1711,1569,1243,1143,1325,1593,9993
佐賀県,4101,中部,はい,2460,2713,2573,2401,2323,2204,2565,17239,1458,1843,1943,1955,1995,2332,2672,14198
佐賀県,4101,中部,いいえ,3205,3616,3278,2997,2616,2376,2203,20291,3068,3469,3149,2778,2493,2253,2368,19578
佐賀県,4102,東部,はい,1043,1142,1025,906,779,789,1025,6709,535,713,745,617,695,867,1141,5313
佐賀県,4102,東部,いいえ,1409,1508,1220,970,877,766,819,7569,1074,1194,1053,746,736,743,999,6545
佐賀県,4103,北部,はい,733,890,755,716,709,722,890,5415,518,640,587,657,766,811,875,4854
佐賀県,4103,北部,いいえ,971,1048,866,853,916,848,842,6344,949,1053,910,919,897,884,949,6561
佐賀県,4104,西部,はい,563,585,564,525,541,555,632,3965,326,380,361,420,463,594,747,3291
佐賀県,4104,西部,いいえ,743,726,649,640,618,594,574,4544,650,664,642,623,610,618,739,4546
佐賀県,4105,南部,はい,906,975,929,1034,1027,1155,1374,7400,534,689,752,820,966,1219,1534,6514
佐賀県,4105,南部,いいえ,1066,1137,1072,1142,1096,979,1168,7660,932,1021,983,963,1093,1198,1448,7638
長崎県,4201,長崎,はい,3197,3853,3899,3515,3325,3249,4018,25056,2289,2975,3105,2971,3198,3575,4728,22841
長崎県,4201,長崎,いいえ,4013,5055,4906,4371,3946,3374,3692,29357,3994,4633,4413,3921,3304,3405,4248,27918
長崎県,4202,佐世保県北,はい,1454,1770,1655,1669,1581,1732,2096,11957,1040,1241,1372,1390,1451,1946,2481,10921
長崎県,4202,佐世保県北,いいえ,2020,2336,2090,1980,1986,1877,2089,14378,1939,2228,2077,1786,1784,1993,2450,14257
長崎県,4203,県央,はい,1814,2123,2031,1888,1809,1765,2022,13452,1113,1410,1503,1495,1544,1859,2374,11298
長崎県,4203,県央,いいえ,2422,2764,2478,2218,1994,1743,1702,15321,2256,2387,2322,2013,1803,1828,2208,14817
長崎県,4204,県南,はい,601,743,793,779,871,954,1146,5887,428,542,688,675,839,1041,1319,5532
長崎県,4204,県南,いいえ,905,996,958,1041,1106,1009,1184,7199,894,1049,1065,1140,1203,1351,1535,8237
長崎県,4206,五島,はい,183,177,200,187,196,226,282,1451,103,115,140,170,219,296,335,1378
長崎県,4206,五島,いいえ,220,285,265,278,306,351,327,2032,227,243,265,258,324,344,385,2046
長崎県,4207,上五島,はい,142,153,116,155,150,149,138,1003,63,95,99,132,144,143,157,833
長崎県,4207,上五島,いいえ,158,195,216,222,232,239,220,1482,123,154,145,183,197,228,271,1301
長崎県,4208,壱岐,はい,121,153,167,150,171,178,193,1133,90,108,93,117,127,171,254,960
長崎県,4208,壱岐,いいえ,234,253,242,225,227,244,335,1760,245,263,223,260,253,290,357,1891
長崎県,4209,対馬,はい,157,183,182,160,205,220,265,1372,97,128,114,132,178,272,276,1197
長崎県,4209,対馬,いいえ,231,277,237,237,278,310,329,1899,234,248,257,260,299,328,399,2025
熊本県,4302,宇城,はい,613,706,673,701,660,650,739,4742,389,440,519,523,569,647,719,3806
熊本県,4302,宇城,いいえ,974,1031,935,995,904,753,683,6275,879,975,909,818,807,727,732,5847
熊本県,4303,有明,はい,1003,1018,936,928,882,944,1022,6733,588,662,701,758,825,872,1049,5455
熊本県,4303,有明,いいえ,1372,1360,1207,1155,1145,1027,1030,8296,1175,1399,1208,1111,1094,1008,1106,8101
熊本県,4304,鹿本,はい,320,335,336,295,331,325,359,2301,218,241,244,282,254,303,324,1866
熊本県,4304,鹿本,いいえ,459,458,432,444,409,345,338,2885,367,412,453,374,428,362,384,2780
熊本県,4305,菊池,はい,1737,1876,1554,1407,1293,1239,1222,10328,1079,1190,1092,1074,1071,1105,1142,7753
熊本県,4305,菊池,いいえ,2242,2313,1721,1561,1363,1040,882,11122,2064,1984,1553,1358,1197,958,916,10030
熊本県,4306,阿蘇,はい,442,472,447,462,458,640,708,3629,285,320,348,418,489,644,743,3247
熊本県,4306,阿蘇,いいえ,463,481,422,506,575,608,623,3678,501,559,540,526,565,663,676,4030
熊本県,4308,八代,はい,943,1067,1033,975,908,870,883,6679,615,737,788,918,894,963,964,5879
熊本県,4308,八代,いいえ,1203,1301,1180,1168,1070,864,847,7633,1102,1311,1158,1041,1085,978,1037,7712
熊本県,4309,芦北,はい,241,268,287,328,296,311,287,2018,143,158,202,220,245,292,267,1527
熊本県,4309,芦北,いいえ,329,371,425,403,374,303,261,2466,290,325,339,364,351,318,296,2283
熊本県,4310,球磨,はい,520,640,625,694,740,765,957,4941,339,407,469,551,631,780,960,4137
熊本県,4310,球磨,いいえ,811,868,795,848,949,924,927,6122,872,975,901,908,942,972,1141,6711
熊本県,4311,天草,はい,621,669,746,680,809,852,910,5287,403,522,564,682,808,928,956,4863
熊本県,4311,天草,いいえ,947,1084,1013,1087,1214,1127,1145,7617,1022,1162,1200,1280,1242,1321,1305,8532
熊本県,4312,熊本・上益城,はい,6019,6971,6264,5980,5525,4761,4814,40334,4016,4847,4794,4798,4645,4605,5434,33139
熊本県,4312,熊本・上益城,いいえ,7851,8882,7689,6841,5880,4736,4268,46147,7892,8957,7837,6630,5304,4638,5041,46299
大分県,4401,東部,はい,1228,1456,1398,1260,1355,1381,1680,9758,906,1141,1169,1237,1280,1421,1932,9086
大分県,4401,東部,いいえ,1329,1601,1457,1356,1422,1378,1649,10192,1468,1723,1791,1590,1581,1612,2164,11929
大分県,4403,中部,はい,4708,5451,4951,4216,4274,3831,4098,31529,3104,3937,3978,3651,3713,3619,4687,26689
大分県,4403,中部,いいえ,5328,6340,5087,4317,4157,3537,3550,32316,5291,6010,5268,4230,3865,3660,4129,32453
大分県,4405,南部,はい,411,492,434,409,423,568,701,3438,248,308,359,365,501,660,872,3313
大分県,4405,南部,いいえ,527,586,538,581,562,567,623,3984,518,548,575,532,563,622,775,4133
大分県,4406,豊肥,はい,303,331,365,329,461,461,506,2756,222,254,250,268,431,452,517,2394
大分県,4406,豊肥,いいえ,387,430,380,399,545,547,772,3460,426,457,463,471,607,692,873,3989
大分県,4408,西部,はい,555,687,634,730,765,686,709,4766,334,415,498,551,622,640,741,3801
大分県,4408,西部,いいえ,752,849,762,713,793,750,768,5387,724,816,734,720,744,730,903,5371
大分県,4409,北部,はい,1572,1669,1546,1483,1345,1280,1366,10261,917,1088,1164,1105,1255,1343,1495,8367
大分県,4409,北部,いいえ,1335,1479,1269,1077,1052,873,979,8064,928,1058,1006,879,879,960,1296,7006
宮崎県,4501,宮崎東諸県,はい,3739,4305,4001,3595,3142,2814,2928,24524,2191,2873,2872,2687,2527,2684,3179,19013
宮崎県,4501,宮崎東諸県,いいえ,3971,4763,3989,3323,3025,2201,1996,23268,3844,4468,3778,3016,2438,1997,2360,21901
宮崎県,4502,都城北諸県,はい,1252,1355,1238,1210,1352,1450,1947,9804,735,839,941,1021,1247,1637,2238,8658
宮崎県,4502,都城北諸県,いいえ,1792,1866,1468,1337,1526,1248,1392,10629,1520,1691,1452,1316,1423,1551,1893,10846
宮崎県,4503,延岡西臼杵,はい,1172,1411,1398,1280,1208,1190,1466,9125,672,866,909,978,1008,1236,1528,7197
宮崎県,4503,延岡西臼杵,いいえ,1516,1734,1551,1382,1238,1010,1229,9660,1133,1345,1217,1027,1055,1096,1470,8343
宮崎県,4504,日南串間,はい,324,356,347,350,406,493,571,2847,188,223,250,289,352,502,679,2483
宮崎県,4504,日南串間,いいえ,479,507,494,484,550,458,490,3462,394,423,398,470,471,491,629,3276
宮崎県,4505,西諸,はい,390,399,361,462,514,589,852,3567,228,265,272,378,468,627,845,3083
宮崎県,4505,西諸,いいえ,509,487,442,445,556,569,614,3622,484,468,429,497,544,631,759,3812
宮崎県,4506,西都児湯,はい,593,600,603,603,698,859,1023,4979,334,471,478,521,660,894,1147,4505
宮崎県,4506,西都児湯,いいえ,674,826,635,632,616,644,647,4674,723,812,709,638,624,675,809,4990
宮崎県,4507,日向入郷,はい,519,594,534,533,484,595,754,4013,331,403,428,390,454,624,863,3493
宮崎県,4507,日向入郷,いいえ,759,845,656,644,637,580,590,4711,678,700,673,583,572,526,715,4447
鹿児島県,4601,鹿児島,はい,5074,5938,5334,4934,4763,4631,5490,36164,3191,3874,3879,3883,4040,4663,5899,29429
鹿児島県,4601,鹿児島,いいえ,5645,6363,5529,5014,4934,4120,4203,35808,5258,5663,5140,4128,3878,4114,5092,33273
鹿児島県,4603,南薩,はい,619,638,694,750,884,1147,1457,6189,347,434,482,586,801,1188,1564,5402
鹿児島県,4603,南薩,いいえ,844,908,869,944,1109,1281,1404,7359,735,795,805,877,1086,1397,1712,7407
鹿児島県,4605,川薩,はい,720,806,755,847,885,1066,1311,6390,410,548,608,669,778,1071,1299,5383
鹿児島県,4605,川薩,いいえ,1087,1162,1044,1160,1153,1073,1348,8027,960,962,980,969,1060,1207,1553,7691
鹿児島県,4606,出水,はい,464,464,526,546,529,595,770,3894,274,351,384,422,486,633,817,3367
鹿児島県,4606,出水,いいえ,687,749,682,668,658,674,722,4840,644,685,678,660,667,827,845,5006
鹿児島県,4607,姶良・伊佐,はい,1689,1970,1905,1931,1912,1856,2416,13679,976,1233,1415,1391,1536,1908,2650,11109
鹿児島県,4607,姶良・伊佐,いいえ,2039,2172,2051,1984,1923,1678,1906,13753,1876,2011,1887,1839,1825,1815,2259,13512
鹿児島県,4609,曽於,はい,343,414,433,482,516,578,709,3475,200,213,296,347,431,543,678,2708
鹿児島県,4609,曽於,いいえ,605,528,535,549,711,619,633,4180,489,502,474,549,658,671,728,4071
鹿児島県,4610,肝属,はい,914,967,953,960,1133,1134,1287,7348,503,622,687,776,919,1148,1342,5997
鹿児島県,4610,肝属,いいえ,1228,1143,1019,1068,1138,1157,1240,7993,1006,1079,1061,1007,1170,1234,1481,8038
鹿児島県,4611,熊毛,はい,227,274,298,273,271,296,317,1956,134,158,181,167,203,288,316,1447
鹿児島県,4611,熊毛,いいえ,301,342,325,338,341,327,333,2307,256,263,277,241,283,358,398,2076
鹿児島県,4612,奄美,はい,558,656,650,684,668,788,804,4808,415,468,479,493,609,822,861,4147
鹿児島県,4612,奄美,いいえ,749,813,744,782,842,942,923,5795,765,787,705,692,834,1012,1094,5889
沖縄県,4701,北部,はい,650,730,579,550,613,723,648,4493,415,492,424,531,651,651,601,3765
沖縄県,4701,北部,いいえ,871,928,742,735,855,859,897,5887,848,823,638,654,704,751,817,5235
沖縄県,4702,中部,はい,3105,3899,3696,2952,2380,1794,1560,19386,2461,3257,3117,2663,2329,1923,1813,17563
沖縄県,4702,中部,いいえ,3847,4497,3645,3031,2408,1815,1518,20761,3734,4195,3485,2639,1999,1646,1519,19217
沖縄県,4703,南部,はい,4802,5537,5338,4513,3832,3261,3150,30433,3648,4229,4486,4231,3812,3707,3803,27916
沖縄県,4703,南部,いいえ,6009,7137,6022,4827,3953,3381,3210,34539,6356,7115,6236,4710,3763,3570,3501,35251
沖縄県,4704,宮古,はい,387,388,318,354,371,349,290,2457,246,295,268,296,343,369,326,2143
沖縄県,4704,宮古,いいえ,336,426,360,385,393,439,351,2690,404,364,292,353,422,409,370,2614
沖縄県,4705,八重山,はい,207,239,256,180,216,222,229,1549,151,173,163,158,184,232,247,1308
沖縄県,4705,八重山,いいえ,214,246,197,160,174,213,221,1425,262,251,188,177,199,222,247,1546
二次医療圏判別不可,,,はい,36085,38583,39673,35612,18098,5571,3698,177320,14327,17275,17832,14152,7508,2771,1428,75293
二次医療圏判別不可,,,いいえ,39401,43309,41889,38228,19339,4834,2493,189493,21703,24566,22122,15740,7053,2450,1332,94966
