都道府県名,二次医療圏番号,二次医療圏名,回答,男40～44歳,男45～49歳,男50～54歳,男55～59歳,男60～64歳,男65～69歳,男70～74歳,男中計,女40～44歳,女45～49歳,女50～54歳,女55～59歳,女60～64歳,女65～69歳,女70～74歳,女中計
北海道,0101,南渡島,はい,1003,1323,1220,1069,1033,1102,1314,8064,878,1119,1245,1191,1213,1394,1834,8874
北海道,0101,南渡島,いいえ,3481,4406,3935,3582,3187,2666,2827,24084,2602,3457,3345,2918,2636,2612,3315,20885
北海道,0102,南檜山,はい,78,82,59,81,90,82,116,588,50,52,57,70,84,112,185,610
北海道,0102,南檜山,いいえ,195,262,267,218,210,178,161,1491,158,180,187,168,167,150,180,1190
北海道,0103,北渡島檜山,はい,93,98,85,86,107,125,128,722,54,86,72,85,92,137,160,686
北海道,0103,北渡島檜山,いいえ,303,350,339,302,249,222,233,1998,185,234,220,224,208,214,262,1547
北海道,0104,札幌,はい,8433,10007,9775,8616,7617,5343,3551,53342,7511,8648,8691,7599,5850,3629,2712,44640
北海道,0104,札幌,いいえ,28874,34739,32466,28059,23573,13514,7572,168797,21697,26202,24486,20132,14192,7568,5195,119472
北海道,0105,後志,はい,596,733,693,647,669,697,842,4877,493,588,597,616,625,731,1049,4699
北海道,0105,後志,いいえ,1916,2540,2386,2182,1807,1541,1447,13819,1271,1826,1729,1567,1394,1312,1627,10726
北海道,0106,南空知,はい,410,511,484,497,506,595,609,3612,281,423,457,489,496,576,753,3475
北海道,0106,南空知,いいえ,1316,1905,1623,1634,1586,1187,974,10225,1015,1376,1366,1259,1149,877,1028,8070
北海道,0107,中空知,はい,220,337,354,370,346,377,532,2536,211,275,315,340,297,474,667,2579
北海道,0107,中空知,いいえ,832,1186,1064,1042,972,766,801,6663,709,923,837,840,801,741,963,5814
北海道,0108,北空知,はい,65,103,91,116,124,156,163,818,76,70,103,112,133,161,194,849
北海道,0108,北空知,いいえ,211,278,264,288,279,216,282,1818,191,227,230,217,198,223,319,1605
北海道,0109,西胆振,はい,414,597,593,554,475,608,906,4147,383,461,494,485,547,698,1060,4128
北海道,0109,西胆振,いいえ,1451,1979,1760,1545,1439,1252,1478,10904,1112,1536,1489,1330,1159,1252,1748,9626
北海道,0110,東胆振,はい,865,1051,889,816,723,912,1067,6323,573,690,677,674,696,920,1322,5552
北海道,0110,東胆振,いいえ,2858,3583,2964,2559,2115,1675,1735,17489,1712,2109,1851,1635,1340,1459,1809,11915
北海道,0111,日高,はい,170,218,173,171,141,171,213,1257,120,134,148,141,149,166,274,1132
北海道,0111,日高,いいえ,561,696,625,519,483,365,331,3580,377,501,459,413,368,368,363,2849
北海道,0112,上川中部,はい,1067,1225,1221,1087,1051,768,569,6988,794,935,941,898,729,539,599,5435
北海道,0112,上川中部,いいえ,3247,4090,3592,3215,2869,1747,1079,19839,2363,2974,2876,2218,1669,966,749,13815
北海道,0113,上川北部,はい,152,198,183,172,197,195,233,1330,91,124,123,139,164,222,270,1133
北海道,0113,上川北部,いいえ,483,619,543,557,484,319,267,3272,374,420,376,357,342,242,293,2404
北海道,0114,富良野,はい,187,184,206,231,236,228,298,1570,157,186,183,195,214,239,356,1530
北海道,0114,富良野,いいえ,339,450,412,435,372,325,342,2675,305,380,392,340,318,329,438,2502
北海道,0115,留萌,はい,113,162,177,151,156,174,212,1145,83,121,132,122,148,190,274,1070
北海道,0115,留萌,いいえ,371,516,475,429,398,300,240,2729,271,358,350,326,320,287,349,2261
北海道,0116,宗谷,はい,196,230,201,215,213,218,221,1494,153,172,138,173,165,183,254,1238
北海道,0116,宗谷,いいえ,683,908,783,726,627,503,382,4612,469,517,508,435,394,341,344,3008
北海道,0117,北網,はい,731,937,790,814,802,732,912,5718,571,722,712,737,767,802,1137,5448
北海道,0117,北網,いいえ,2040,2572,2290,2090,1908,1242,1204,13346,1445,1813,1617,1605,1357,1207,1453,10497
北海道,0118,遠紋,はい,185,217,244,235,238,251,355,1725,142,181,203,198,228,306,494,1752
北海道,0118,遠紋,いいえ,570,751,703,687,566,402,413,4092,346,436,475,461,393,391,488,2990
北海道,0119,十勝,はい,1135,1461,1313,1278,1249,1116,1264,8816,1006,1182,1215,1163,1078,1118,1498,8260
北海道,0119,十勝,いいえ,3419,4137,3736,3453,3032,2170,1869,21816,2370,3075,2922,2648,2229,1860,1772,16876
北海道,0120,釧路,はい,776,966,891,882,863,835,982,6195,610,769,775,769,761,962,1128,5774
北海道,0120,釧路,いいえ,2317,2926,2739,2359,2239,1757,1720,16057,1638,2129,2001,1730,1639,1597,1827,12561
北海道,0121,根室,はい,173,247,223,195,173,212,225,1448,157,169,176,173,212,241,258,1386
北海道,0121,根室,いいえ,773,861,726,712,615,429,378,4494,552,600,563,518,434,392,387,3446
青森県,0201,津軽地域,はい,1035,1106,1111,1156,1162,930,872,7372,894,959,1042,1135,1140,1057,1097,7324
青森県,0201,津軽地域,いいえ,2815,3156,2891,2647,2294,1505,1287,16595,2244,2707,2598,2647,1978,1430,1414,15018
青森県,0202,八戸地域,はい,1491,1621,1752,1699,1849,1663,1726,11801,1199,1540,1792,1754,1832,1944,2190,12251
青森県,0202,八戸地域,いいえ,4381,5462,5293,4571,4018,3001,2683,29409,3142,3990,3831,3268,2829,2476,2634,22170
青森県,0203,青森地域,はい,1492,1722,1766,1756,1729,1468,1708,11641,1315,1623,1729,1685,1802,1823,2217,12194
青森県,0203,青森地域,いいえ,3864,4835,4336,4037,3676,2662,2811,26221,3065,3743,3229,3130,2624,2482,3370,21643
青森県,0204,西北五地域,はい,296,370,393,464,482,509,587,3101,288,343,410,507,661,818,892,3919
青森県,0204,西北五地域,いいえ,973,1220,1192,1195,960,1007,1065,7612,806,987,1096,1073,1049,1136,1282,7429
青森県,0205,上十三地域,はい,878,928,932,896,935,934,922,6425,669,787,849,872,948,1131,1220,6476
青森県,0205,上十三地域,いいえ,2097,2488,2232,1968,1845,1448,1474,13552,1481,1859,1731,1497,1443,1323,1527,10861
青森県,0206,下北地域,はい,242,313,318,361,393,331,321,2279,199,274,305,304,382,372,360,2196
青森県,0206,下北地域,いいえ,692,835,741,692,652,592,588,4792,550,687,661,547,528,583,650,4206
岩手県,0301,盛岡,はい,2484,2722,2592,2517,2471,2323,2745,17854,2027,2395,2554,2594,2657,2955,3500,18682
岩手県,0301,盛岡,いいえ,7047,8329,7675,6635,6091,4683,4819,45279,5349,6425,5729,4912,4571,4529,5576,37091
岩手県,0302,岩手中部,はい,1129,1255,1163,1140,1144,1179,1363,8373,865,1022,1049,1116,1175,1375,1728,8330
岩手県,0302,岩手中部,いいえ,3373,3743,3188,2924,2611,2318,2271,20428,2306,2765,2486,2202,2060,2238,2570,16627
岩手県,0303,胆江,はい,704,734,694,633,817,841,914,5337,475,589,571,659,810,973,1116,5193
岩手県,0303,胆江,いいえ,1914,2266,1803,1704,1649,1582,1577,12495,1440,1616,1394,1316,1339,1473,1850,10428
岩手県,0304,両磐,はい,516,613,582,583,684,722,803,4503,334,417,483,586,673,818,959,4270
岩手県,0304,両磐,いいえ,1620,1793,1578,1593,1515,1368,1386,10853,1226,1407,1279,1223,1236,1268,1279,8918
岩手県,0305,気仙,はい,224,328,345,392,362,364,395,2410,172,238,254,323,327,455,540,2309
岩手県,0305,気仙,いいえ,603,794,807,762,629,572,632,4799,495,635,661,649,575,620,713,4348
岩手県,0306,釜石,はい,148,198,211,208,206,201,210,1382,107,133,153,149,194,220,338,1294
岩手県,0306,釜石,いいえ,439,517,520,491,398,412,421,3198,336,397,389,392,371,391,482,2758
岩手県,0307,宮古,はい,279,313,370,420,381,412,534,2709,220,263,303,325,430,545,718,2804
岩手県,0307,宮古,いいえ,824,926,1058,947,803,768,924,6250,565,736,767,655,686,755,969,5133
岩手県,0308,久慈,はい,247,279,281,290,377,376,485,2335,158,227,294,293,377,508,597,2454
岩手県,0308,久慈,いいえ,596,729,757,631,681,544,573,4511,522,585,632,522,572,544,616,3993
岩手県,0309,二戸,はい,215,241,291,304,353,408,464,2276,166,168,241,304,351,469,567,2266
岩手県,0309,二戸,いいえ,603,723,713,743,679,697,664,4822,525,621,708,578,631,687,752,4502
宮城県,0401,仙南,はい,692,823,779,753,785,840,790,5462,560,721,722,823,839,943,970,5578
宮城県,0401,仙南,いいえ,2390,2564,2215,2011,2012,1780,1631,14603,1692,2027,1763,1668,1642,1565,1493,11850
宮城県,0403,仙台,はい,8252,9967,9549,8179,7229,6630,7676,57482,7646,9442,9257,8195,7940,8056,10026,60562
宮城県,0403,仙台,いいえ,24348,28489,25596,20543,17085,13918,14241,144220,18777,21678,19163,15438,13273,12681,15289,116299
宮城県,0406,大崎・栗原,はい,1025,1192,1101,1203,1225,1246,1247,8239,851,1051,1117,1120,1315,1365,1431,8250
宮城県,0406,大崎・栗原,いいえ,4224,4314,3609,3533,3764,3641,3661,26746,3003,3322,2915,2915,3098,3486,3517,22256
宮城県,0409,石巻・登米・気仙沼,はい,1223,1375,1400,1438,1551,1772,1984,10743,1037,1265,1375,1593,1902,2157,2391,11720
宮城県,0409,石巻・登米・気仙沼,いいえ,4697,5228,4765,4448,4339,4196,4725,32398,3404,3928,3780,3785,3750,4063,4943,27653
秋田県,0501,大館・鹿角,はい,334,403,396,418,460,516,658,3185,311,346,365,389,496,658,901,3466
秋田県,0501,大館・鹿角,いいえ,861,986,901,947,918,766,829,6208,687,734,737,727,730,744,942,5301
秋田県,0502,北秋田,はい,93,109,102,129,133,174,198,938,64,73,85,79,127,186,247,861
秋田県,0502,北秋田,いいえ,204,271,247,290,244,287,321,1864,152,195,193,212,229,291,357,1629
秋田県,0503,能代・山本,はい,247,277,277,286,344,430,451,2312,212,242,278,298,384,506,607,2527
秋田県,0503,能代・山本,いいえ,745,897,882,860,832,705,759,5680,615,763,820,783,787,764,920,5452
秋田県,0504,秋田周辺,はい,1533,1732,1691,1618,1531,1618,1980,11703,1371,1515,1564,1510,1676,2146,2539,12321
秋田県,0504,秋田周辺,いいえ,3568,4524,4136,3928,3558,2827,3136,25677,2789,3360,3243,2814,2778,3013,4112,22109
秋田県,0505,由利本荘・にかほ,はい,371,381,380,398,480,573,666,3249,284,364,425,418,478,690,796,3455
秋田県,0505,由利本荘・にかほ,いいえ,948,1019,986,976,900,917,905,6651,795,855,838,846,881,976,908,6099
秋田県,0506,大仙・仙北,はい,428,434,432,475,578,651,790,3788,341,363,391,440,584,872,945,3936
秋田県,0506,大仙・仙北,いいえ,924,1062,997,962,1023,1076,1313,7357,796,856,848,878,1075,1369,1532,7354
秋田県,0507,横手,はい,393,367,364,375,406,495,607,3007,311,368,381,430,552,706,695,3443
秋田県,0507,横手,いいえ,902,1026,908,937,962,888,967,6590,791,914,906,838,838,1013,1082,6382
秋田県,0508,湯沢・雄勝,はい,233,261,279,297,322,407,380,2179,172,187,248,277,312,431,474,2101
秋田県,0508,湯沢・雄勝,いいえ,512,536,565,595,639,662,776,4285,362,479,505,470,578,699,766,3859
山形県,0601,村山,はい,3058,3122,3131,3027,3093,2984,3131,21546,2754,3201,3182,3339,3540,3600,3649,23265
山形県,0601,村山,いいえ,8533,9276,8145,7414,7147,6658,7020,54193,7011,7495,6674,6151,6105,6044,6194,45674
山形県,0602,最上,はい,316,350,311,389,457,507,495,2825,247,302,352,370,533,620,600,3024
山形県,0602,最上,いいえ,998,1130,1011,1045,1133,1067,1103,7487,867,971,958,992,1070,1035,951,6844
山形県,0603,置賜,はい,1031,1101,1078,1041,1148,1196,1220,7815,757,986,973,1113,1181,1377,1405,7792
山形県,0603,置賜,いいえ,3392,3793,3500,3304,3132,2816,2821,22758,2832,3040,2930,2765,2662,2535,2510,19274
山形県,0604,庄内,はい,1332,1373,1406,1391,1555,1664,1839,10560,1069,1273,1400,1539,1765,2058,2184,11288
山形県,0604,庄内,いいえ,4284,4916,4469,4240,4213,3879,3939,29940,3718,4215,3949,3769,3761,3795,4180,27387
福島県,0701,県北,はい,2359,2727,2698,2678,2664,2427,2728,18281,2116,2504,2625,2671,2721,2835,2972,18444
福島県,0701,県北,いいえ,6466,7568,6883,6238,5659,4398,4039,41251,4952,5858,5510,4851,4405,3843,3885,33304
福島県,0702,県中,はい,2630,3010,2768,2621,2760,2711,3104,19604,2255,2612,2731,2846,3047,3336,3836,20663
福島県,0702,県中,いいえ,6801,7630,6573,5969,5585,4601,4517,41676,5335,6018,5273,4913,4674,4319,4773,35305
福島県,0703,県南,はい,680,683,666,734,679,854,970,5266,585,630,627,688,881,1049,1176,5636
福島県,0703,県南,いいえ,2244,2456,2039,2028,1960,1710,1643,14080,1622,1829,1544,1446,1629,1540,1563,11173
福島県,0706,相双,はい,543,675,586,656,816,1013,1190,5479,434,464,528,617,888,1182,1434,5547
福島県,0706,相双,いいえ,1594,1820,1581,1495,1602,1853,2098,12043,1195,1430,1366,1346,1654,1918,2112,11021
福島県,0707,いわき,はい,1414,1732,1739,1670,1540,1389,1413,10897,1182,1317,1481,1550,1550,1473,1653,10206
福島県,0707,いわき,いいえ,4193,4968,4548,3909,3423,2768,2717,26526,3049,3761,3372,2992,2834,2413,2747,21168
福島県,0708,会津・南会津,はい,1182,1269,1232,1304,1424,1563,1700,9674,995,1071,1202,1361,1518,1658,1825,9630
福島県,0708,会津・南会津,いいえ,3197,3589,3222,3318,3120,2301,2080,20827,2455,2957,2750,2699,2444,2129,2007,17441
茨城県,0801,水戸,はい,2343,2746,2607,2192,1887,1591,1463,14829,1969,2330,2403,2145,1894,1746,1834,14321
茨城県,0801,水戸,いいえ,5940,7217,6755,5586,4438,2906,2313,35155,4098,4995,4698,3938,2996,2331,2091,25147
茨城県,0802,日立,はい,767,1040,1188,1013,865,867,1086,6826,685,941,1120,956,918,1068,1308,6996
茨城県,0802,日立,いいえ,3671,4798,5007,4220,3486,2712,2757,26651,2230,3062,3221,2635,2261,2049,2397,17855
茨城県,0803,常陸太田・ひたちなか,はい,1552,1900,1945,1768,1560,1639,1802,12166,1359,1781,1880,1692,1705,1933,2266,12616
茨城県,0803,常陸太田・ひたちなか,いいえ,4934,6074,6217,5332,4196,3241,3316,33310,3133,3787,4031,3303,2966,2899,3185,23304
茨城県,0804,鹿行,はい,1071,1335,1217,1034,874,814,881,7226,943,1106,1140,1011,1037,1042,1177,7456
茨城県,0804,鹿行,いいえ,3026,3661,3436,2641,2102,1710,1488,18064,2139,2540,2457,1971,1684,1402,1424,13617
茨城県,0805,土浦,はい,1191,1535,1524,1270,1139,1161,1248,9068,955,1264,1256,1232,1153,1232,1656,8748
茨城県,0805,土浦,いいえ,3387,4098,3804,3206,2402,2102,2136,21135,2145,2813,2702,2157,1988,1879,2153,15837
茨城県,0806,つくば,はい,2211,2319,2047,1734,1339,1207,1416,12273,1789,2131,1912,1520,1339,1422,1646,11759
茨城県,0806,つくば,いいえ,5282,5742,4893,3707,2918,2230,2391,27163,3772,4164,3514,2751,2242,2124,2398,20965
茨城県,0807,取手・竜ヶ崎,はい,2269,2815,2714,2222,1886,1956,2378,16240,1855,2298,2329,2087,2111,2312,2782,15774
茨城県,0807,取手・竜ヶ崎,いいえ,5820,7436,6796,5527,4352,3746,4434,38111,4146,5252,4835,3995,3370,3467,4404,29469
茨城県,0808,筑西・下妻,はい,1197,1407,1292,1140,1181,1230,1285,8732,990,1173,1257,1204,1210,1579,1570,8983
茨城県,0808,筑西・下妻,いいえ,3114,3708,3320,2799,2481,2247,1883,19552,2113,2684,2565,2208,2108,1957,1857,15492
茨城県,0809,古河・坂東,はい,1034,1160,1218,987,980,793,702,6874,788,1017,1048,947,929,835,798,6362
茨城県,0809,古河・坂東,いいえ,2703,3170,2995,2398,1980,1299,982,15527,1674,2183,2100,1602,1385,1079,911,10934
栃木県,0901,県北,はい,1882,2042,1961,1725,1661,1442,1275,11988,1239,1521,1573,1505,1440,1357,1206,9841
栃木県,0901,県北,いいえ,5461,6119,5371,4524,4039,3000,2492,31006,3462,4056,3731,3057,2772,2103,1984,21165
栃木県,0902,県西,はい,718,955,949,907,881,852,868,6130,531,684,779,810,821,833,1030,5488
栃木県,0902,県西,いいえ,2232,2806,2687,2232,2135,1851,1980,15923,1593,2083,2014,1706,1658,1760,2058,12872
栃木県,0903,宇都宮,はい,3261,3679,3531,2938,2282,1817,1866,19374,2650,3126,3100,2652,2117,1934,2288,17867
栃木県,0903,宇都宮,いいえ,8917,10140,9277,7310,5435,3407,3326,47812,5619,6523,5916,4438,3443,2860,3391,32190
栃木県,0904,県東,はい,772,815,748,681,623,447,278,4364,512,540,609,523,494,322,193,3193
栃木県,0904,県東,いいえ,2207,2509,2095,1830,1583,894,494,11612,1192,1514,1284,1116,962,547,292,6907
栃木県,0905,県南,はい,2338,2849,2614,2378,2036,1701,1399,15315,1642,2036,2172,1822,1752,1477,1366,12267
栃木県,0905,県南,いいえ,6361,8120,7106,5706,4957,3343,2648,38241,3981,4889,4810,3805,3099,2405,2297,25286
栃木県,0906,両毛,はい,1244,1486,1585,1382,1308,1186,1391,9582,964,1216,1326,1270,1213,1406,1674,9069
栃木県,0906,両毛,いいえ,3273,4079,3784,3168,2453,2055,2184,20996,1944,2573,2498,2101,1863,1911,2434,15324
群馬県,1001,前橋,はい,2167,2469,2441,2151,1910,1798,1900,14836,1639,2141,2278,2122,2002,2116,2449,14747
群馬県,1001,前橋,いいえ,4436,5433,5012,4068,3468,2968,3290,28675,2984,3837,3638,3133,2613,2818,3699,22722
群馬県,1002,渋川,はい,584,684,685,594,684,588,678,4497,430,519,572,547,582,690,797,4137
群馬県,1002,渋川,いいえ,1408,1612,1445,1248,1242,1099,1122,9176,1000,1183,1193,942,928,959,1215,7420
群馬県,1003,伊勢崎,はい,1530,1744,1833,1565,1372,1295,1632,10971,1259,1578,1749,1531,1389,1613,2051,11170
群馬県,1003,伊勢崎,いいえ,3381,4240,3823,3174,2583,1967,2081,21249,2264,2813,2692,2053,1755,1811,2537,15925
群馬県,1004,高崎・安中,はい,2431,2976,2999,2564,2073,1933,2060,17036,1917,2581,2711,2431,2046,2317,2740,16743
群馬県,1004,高崎・安中,いいえ,5524,7007,6778,5357,4264,3410,3906,36246,3723,4883,4748,3851,3205,3260,4615,28285
群馬県,1005,藤岡,はい,312,417,396,369,351,348,401,2594,208,318,335,334,368,425,513,2501
群馬県,1005,藤岡,いいえ,754,1038,939,791,679,577,770,5548,482,693,731,598,518,555,838,4415
群馬県,1006,富岡,はい,320,427,411,391,393,475,493,2910,240,359,402,399,448,589,686,3123
群馬県,1006,富岡,いいえ,741,919,864,871,819,779,892,5885,538,737,712,662,641,715,892,4897
群馬県,1007,吾妻,はい,220,301,300,284,360,375,426,2266,181,229,284,297,374,441,557,2363
群馬県,1007,吾妻,いいえ,468,652,682,655,666,648,751,4522,344,494,526,507,495,485,651,3502
群馬県,1008,沼田,はい,312,426,463,480,488,539,575,3283,295,355,400,463,526,584,670,3293
群馬県,1008,沼田,いいえ,803,1000,1005,929,935,962,1059,6693,601,878,786,793,836,937,1103,5934
群馬県,1009,桐生,はい,764,978,1033,920,848,762,829,6134,560,823,887,779,786,841,1055,5731
群馬県,1009,桐生,いいえ,1764,2321,2298,1823,1576,1337,2014,13133,1220,1663,1769,1416,1301,1538,2386,11293
群馬県,1010,太田・館林,はい,2390,2747,2719,2332,1871,1855,2408,16322,1771,2248,2364,1905,1887,2273,3099,15547
群馬県,1010,太田・館林,いいえ,5891,6843,6171,4678,3369,3016,3899,33867,3068,4179,3741,2917,2492,2978,4217,23592
埼玉県,1101,南部,はい,4816,5482,5390,4258,3186,2535,2843,28510,3934,4790,4899,4165,3077,2698,3727,27290
埼玉県,1101,南部,いいえ,11347,13446,13124,9903,6782,4817,5377,64796,7656,9344,9005,6837,5122,4272,6154,48390
埼玉県,1102,南西部,はい,4443,5090,5160,4146,3121,2559,3289,27808,3955,4781,5058,4008,3057,2960,4235,28054
埼玉県,1102,南西部,いいえ,10209,12248,11764,9187,6146,4724,5786,60064,7161,8678,8327,6531,4521,4364,7057,46639
埼玉県,1103,東部,はい,6078,7744,7475,5783,4500,4226,5545,41351,5437,6906,7178,5882,4792,5346,8003,43544
埼玉県,1103,東部,いいえ,14249,18088,17246,12757,9053,7242,9575,88210,10288,12992,12507,9233,7225,7417,11628,71290
埼玉県,1104,さいたま,はい,8161,9403,9179,7519,5821,3910,3583,47576,6769,8039,8371,6883,4862,3591,3867,42382
埼玉県,1104,さいたま,いいえ,18579,21942,21456,16956,12699,9331,11327,112290,12818,15142,14989,11859,9234,8776,12980,85798
埼玉県,1105,県央,はい,2846,3554,3579,3078,2561,2494,3141,21253,2251,2948,3301,2841,2676,3066,4186,21269
埼玉県,1105,県央,いいえ,6965,8933,8704,6683,5219,4302,5486,46292,4711,6269,6330,4946,3928,4213,6742,37139
埼玉県,1106,川越比企,はい,4261,5079,5110,4306,3731,3662,4874,31023,3438,4321,4610,4103,3989,4482,6179,31122
埼玉県,1106,川越比企,いいえ,10384,13103,12195,9314,7521,6117,7286,65920,6492,8261,7937,6136,5310,5484,7624,47244
埼玉県,1107,西部,はい,3658,4676,4839,4245,3534,3217,4022,28191,3219,4102,4449,3890,3509,3610,4685,27464
埼玉県,1107,西部,いいえ,9405,12227,11905,9403,7495,6020,7057,63512,6764,8503,8247,6760,5476,5382,7550,48682
埼玉県,1108,利根,はい,3087,3795,3747,3116,2958,3258,3847,23808,2548,3238,3316,3084,3212,3899,5211,24508
埼玉県,1108,利根,いいえ,7378,9595,8792,6926,6105,5337,6317,50450,4903,6193,5980,5022,4549,4945,6889,38481
埼玉県,1109,北部,はい,2617,3154,3093,2795,2542,2570,2629,19400,2192,2719,2860,2672,2676,2818,3326,19263
埼玉県,1109,北部,いいえ,6474,7625,7260,5795,4881,4012,4167,40214,4211,5405,5190,4383,3756,3469,3947,30361
埼玉県,1110,秩父,はい,349,438,492,520,546,621,703,3669,273,375,459,464,584,763,819,3737
埼玉県,1110,秩父,いいえ,907,1107,1166,1004,983,897,922,6986,634,867,841,776,714,716,855,5403
千葉県,1201,千葉,はい,5181,6711,6994,5637,4349,3329,4031,36232,4452,5847,6424,5345,4114,3854,5566,35602
千葉県,1201,千葉,いいえ,12632,16315,16568,12485,8905,5909,7018,79832,8492,10899,11204,8153,5970,5244,7930,57892
千葉県,1202,東葛南部,はい,10522,12172,12362,9894,6896,4752,5368,61966,9280,11426,12083,9317,6597,5341,6501,60545
千葉県,1202,東葛南部,いいえ,24229,30139,29725,22259,14785,9804,10598,141539,17293,21073,20305,14982,10334,8606,12049,104642
千葉県,1203,東葛北部,はい,8162,9522,9189,7413,5925,5412,7189,52812,6977,8344,8627,7331,6160,7074,10476,54989
千葉県,1203,東葛北部,いいえ,18631,22520,21503,16119,11955,9567,11957,112252,13317,16055,15177,11673,9122,9364,13597,88305
千葉県,1204,印旛,はい,3426,3905,3916,3189,3041,3217,3807,24501,3020,3661,3704,3327,3455,3940,4797,25904
千葉県,1204,印旛,いいえ,8589,10472,9789,7648,6575,5979,6524,55576,6167,7564,7073,5625,5087,5076,5829,42421
千葉県,1205,香取海匝,はい,940,1188,1199,1186,1273,1352,1769,8907,823,958,1187,1256,1560,1942,2244,9970
千葉県,1205,香取海匝,いいえ,2361,2927,2977,2556,2549,2572,2920,18862,1630,2059,2205,2054,2244,2520,3145,15857
千葉県,1206,山武長生夷隅,はい,1563,1941,1954,1826,1803,2015,2367,13469,1291,1639,1761,1900,2159,2408,2836,13994
千葉県,1206,山武長生夷隅,いいえ,4250,5411,5322,4630,4476,4259,4841,33189,2940,3712,4022,3515,3451,3626,4260,25526
千葉県,1207,安房,はい,322,387,427,351,371,403,462,2723,280,306,346,377,378,465,614,2766
千葉県,1207,安房,いいえ,1020,1349,1395,1149,1119,977,1078,8087,868,1211,1167,901,922,983,1203,7255
千葉県,1208,君津,はい,1246,1537,1478,1149,1059,774,472,7715,1091,1297,1333,1154,950,656,386,6867
千葉県,1208,君津,いいえ,3802,4615,4198,3226,2796,1848,990,21475,2421,2967,2822,2189,1583,961,658,13601
千葉県,1209,市原,はい,1076,1370,1388,1101,1069,1294,1418,8716,1009,1230,1363,1179,1283,1563,1946,9573
千葉県,1209,市原,いいえ,2886,3795,3559,2834,2407,2538,2893,20912,1969,2610,2475,2025,1906,2265,2894,16144
東京都,1301,区中央部,はい,12076,12812,12289,10229,6933,3469,3086,60894,10497,11428,10790,7876,5337,3397,4028,53353
東京都,1301,区中央部,いいえ,24130,27107,25601,20363,12920,6285,5274,121680,16073,17254,15247,10882,6900,4572,5772,76700
東京都,1302,区南部,はい,8557,9307,9249,7309,4885,2702,2249,44258,8388,9439,8847,6455,4057,2472,2403,42061
東京都,1302,区南部,いいえ,18172,20768,20334,15019,9593,4763,4009,92658,13558,15109,13527,9353,5896,3618,3728,64789
東京都,1303,区西南部,はい,9850,10231,9331,8111,5799,3668,3941,50931,10845,12256,11973,9617,6646,4796,5726,61859
東京都,1303,区西南部,いいえ,17490,18804,17694,14812,10064,6366,6518,91748,16547,17798,15870,11882,8382,6263,8034,84776
東京都,1304,区西部,はい,9370,9407,8915,7471,5430,3849,4344,48786,9481,10286,10128,8352,6227,4878,5838,55190
東京都,1304,区西部,いいえ,17925,19109,17586,14142,10083,7021,7591,93457,15230,16497,15110,11757,8790,6967,9723,84074
東京都,1305,区西北部,はい,12690,13144,12692,10852,8188,5856,5608,69030,11936,13626,13994,11529,8711,6534,7143,73473
東京都,1305,区西北部,いいえ,25935,28789,26815,21031,15849,10302,10505,139226,20378,23211,21764,17349,13224,10481,12590,118997
東京都,1306,区東北部,はい,7677,8578,8717,7117,5528,4904,5924,48445,7143,8484,8837,7427,6048,5936,7884,51759
東京都,1306,区東北部,いいえ,16456,20448,19403,15202,11352,8971,11523,103355,12713,15277,15266,12616,9690,9176,13849,88587
東京都,1307,区東部,はい,10590,11788,11749,9434,6266,4479,5033,59339,9662,11201,11291,8348,5694,5022,6473,57691
東京都,1307,区東部,いいえ,22390,27078,27095,20184,12928,8489,9335,127499,16788,19607,19046,13543,9486,7875,11551,97896
東京都,1308,西多摩,はい,1545,1988,2396,1993,1682,1770,2492,13866,1373,1788,2102,1942,1817,2248,3386,14656
東京都,1308,西多摩,いいえ,4327,5603,5794,4744,3906,3678,4995,33047,3274,4379,4572,3810,3314,3570,5399,28318
東京都,1309,南多摩,はい,7816,9545,9966,8578,6581,5828,8210,56524,7056,8900,10085,8593,7264,7474,10887,60259
東京都,1309,南多摩,いいえ,17347,21452,22619,17918,12773,10353,13838,116300,13403,16849,16950,13307,10462,10735,16589,98295
東京都,1310,北多摩西部,はい,3587,4256,4225,3937,2944,2435,3041,24425,3177,3791,4218,3743,3046,2829,3994,24798
東京都,1310,北多摩西部,いいえ,8496,10022,9984,8318,6005,4318,5128,52271,6078,7303,7214,5841,4340,3993,5900,40669
東京都,1311,北多摩南部,はい,6791,7430,7342,6428,4734,3595,4038,40358,6728,7586,8021,6752,5238,4262,5343,43930
東京都,1311,北多摩南部,いいえ,14168,15291,15212,12902,9088,6439,8015,81115,11536,12998,12603,9848,7372,6519,9117,69993
東京都,1312,北多摩北部,はい,4099,4720,5076,4554,3553,2989,3740,28731,3877,4608,5192,4820,3935,3753,5136,31321
東京都,1312,北多摩北部,いいえ,9476,11115,10890,9370,7105,5524,6899,60379,7317,8712,8798,7299,5918,5662,8293,51999
東京都,1313,島しょ,はい,124,153,147,145,120,142,155,986,126,145,126,92,121,137,193,940
東京都,1313,島しょ,いいえ,233,261,269,243,196,203,246,1651,215,224,238,172,185,207,228,1469
神奈川県,1404,川崎北部,はい,5557,5923,6086,5304,3533,2467,2713,31583,5063,5874,6173,4884,3482,2622,3301,31399
神奈川県,1404,川崎北部,いいえ,11752,13689,13845,11213,7165,4371,4395,66430,9059,10395,10337,7954,5344,3857,4881,51827
神奈川県,1405,川崎南部,はい,4697,5063,4756,3600,2603,1739,1721,24179,4234,4628,4262,3225,2176,1646,1890,22061
神奈川県,1405,川崎南部,いいえ,11242,13048,11738,8624,5615,3381,2997,56645,7627,8157,7475,5389,3629,2575,3056,37908
神奈川県,1406,横須賀・三浦,はい,2754,3651,3968,3459,2952,2404,3096,22284,2721,3681,4162,3536,2838,2824,3753,23515
神奈川県,1406,横須賀・三浦,いいえ,6821,9536,10177,8591,6597,4827,5544,52093,5392,7284,7646,5952,4653,4243,6061,41231
神奈川県,1407,湘南東部,はい,3848,4720,4889,4147,2963,2381,3272,26220,3636,4434,4616,3863,3017,2893,4516,26975
神奈川県,1407,湘南東部,いいえ,10073,12343,12466,10039,7012,4502,5898,62333,7070,8838,8567,6454,4780,4443,7321,47473
神奈川県,1408,湘南西部,はい,2583,3285,3338,2970,2317,2112,2927,19532,2165,2805,2944,2561,2197,2380,3692,18744
神奈川県,1408,湘南西部,いいえ,7160,8766,8940,7410,5635,4285,5479,47675,4809,6207,6150,4955,3983,3987,5957,36048
神奈川県,1409,県央,はい,4310,5280,5233,4345,3257,2638,3711,28774,3420,4494,4620,3728,2986,3127,4895,27270
神奈川県,1409,県央,いいえ,12030,14754,14790,11622,8118,5611,7151,74076,7390,9596,9430,7224,5460,5153,8616,52869
神奈川県,1410,相模原,はい,3660,4362,4506,3750,2817,2276,2710,24081,2947,3667,3868,3373,2501,2271,3233,21860
神奈川県,1410,相模原,いいえ,9354,11395,11319,9141,6365,4304,4878,56756,6317,7770,7875,6187,4598,3840,5472,42059
神奈川県,1411,県西,はい,1410,1804,1989,1847,1406,1184,1458,11098,1077,1456,1644,1412,1294,1313,1887,10083
神奈川県,1411,県西,いいえ,4566,5584,5669,4948,3581,2400,3058,29806,2784,3553,3626,2804,2330,2308,3387,20792
神奈川県,1412,横浜,はい,21299,25029,26274,22379,16611,11946,13362,136900,19408,24063,26369,21469,15509,12753,15872,135443
神奈川県,1412,横浜,いいえ,51198,62708,64631,52182,35716,22207,21580,310222,36337,44666,45333,34538,24306,17408,20695,223283
新潟県,1501,下越,はい,880,1008,1006,1038,1027,1262,1806,8027,679,868,918,947,1129,1538,2106,8185
新潟県,1501,下越,いいえ,2992,3389,3347,3059,2805,2351,2273,20216,2302,2789,2764,2483,2304,2188,2245,17075
新潟県,1502,新潟,はい,4524,5208,5231,4468,3860,3707,4219,31217,4022,4712,4789,4416,4028,4329,5332,31628
新潟県,1502,新潟,いいえ,14218,17330,15243,12941,10987,8841,9260,88820,10010,12559,11136,9732,8468,7947,10092,69944
新潟県,1503,県央,はい,942,1111,1120,1036,949,996,1000,7154,690,898,988,985,948,1133,1161,6803
新潟県,1503,県央,いいえ,3544,4266,4026,3460,3061,2555,2643,23555,2633,3348,3191,2806,2469,2395,2702,19544
新潟県,1504,中越,はい,2279,2641,2529,2397,2173,1975,2337,16331,1871,2236,2424,2222,2294,2411,2951,16409
新潟県,1504,中越,いいえ,6973,8024,7342,6404,5819,4849,5470,44881,5405,6643,5879,5325,4801,4748,5952,38753
新潟県,1505,魚沼,はい,686,799,831,838,964,1071,1088,6277,577,681,768,790,852,1042,1208,5918
新潟県,1505,魚沼,いいえ,2411,2676,2410,2267,2344,2398,2713,17219,1938,2227,2097,1924,1964,2223,2248,14621
新潟県,1506,上越,はい,1687,1952,1888,1715,1713,1290,1016,11261,1172,1539,1576,1528,1304,900,767,8786
新潟県,1506,上越,いいえ,3535,4216,3881,3563,3100,1968,1420,21683,2705,3467,3051,2711,2252,1557,1345,17088
新潟県,1507,佐渡,はい,204,236,302,296,345,364,479,2226,170,177,229,230,312,402,490,2010
新潟県,1507,佐渡,いいえ,705,749,767,756,767,715,825,5284,540,653,598,602,666,627,797,4483
富山県,1601,新川,はい,639,672,745,687,624,559,617,4543,554,685,740,698,622,657,906,4862
富山県,1601,新川,いいえ,1727,2357,2127,1682,1533,1228,1375,12029,1245,1758,1637,1455,1190,1231,1831,10347
富山県,1602,富山,はい,2492,3146,3036,2312,2009,1763,2049,16807,2278,2905,2872,2467,2266,2100,2529,17417
富山県,1602,富山,いいえ,8163,10375,9590,7592,5995,4359,4420,50494,5644,7294,6882,5499,4347,3844,5125,38635
富山県,1603,高岡,はい,1448,1803,1755,1394,1195,1209,1802,10606,1260,1662,1788,1502,1484,1700,2511,11907
富山県,1603,高岡,いいえ,4889,6419,5730,4709,3862,3363,4253,33225,3149,4398,4224,3447,3075,3292,5242,26827
富山県,1604,砺波,はい,641,708,641,568,637,672,984,4851,578,711,664,662,770,935,1288,5608
富山県,1604,砺波,いいえ,1644,2180,1916,1697,1561,1358,1778,12134,1217,1612,1542,1392,1337,1512,2082,10694
石川県,1701,南加賀,はい,1122,1496,1347,1130,921,683,773,7472,1034,1382,1382,1243,953,820,997,7811
石川県,1701,南加賀,いいえ,3015,4006,3412,2777,2236,1637,1857,18940,2240,2948,2749,2260,1905,1537,1958,15597
石川県,1702,石川中央,はい,3944,4978,4626,3581,2966,2351,2769,25215,3671,4565,4420,3550,3114,2782,3546,25648
石川県,1702,石川中央,いいえ,10111,12680,11410,8967,7174,5546,6592,62480,7420,9466,8626,7046,5984,5550,7982,52074
石川県,1703,能登中部,はい,422,519,472,463,468,488,644,3476,337,487,482,462,497,660,830,3755
石川県,1703,能登中部,いいえ,1204,1633,1479,1289,1166,1197,1658,9626,905,1282,1155,1156,1147,1398,2027,9070
石川県,1704,能登北部,はい,196,249,255,234,279,272,353,1838,187,202,203,264,280,311,447,1894
石川県,1704,能登北部,いいえ,440,637,583,657,633,634,852,4436,358,492,557,502,554,646,941,4050
福井県,1801,福井・坂井,はい,1941,2330,2193,1843,1711,1340,1484,12842,1734,2092,2035,1861,1838,1677,1940,13177
福井県,1801,福井・坂井,いいえ,5868,7076,6530,5574,4608,3285,3049,35990,4245,5361,5235,4477,3601,2778,2919,28616
福井県,1802,奥越,はい,240,277,243,253,272,263,307,1855,230,244,251,276,271,339,352,1963
福井県,1802,奥越,いいえ,756,881,797,721,691,637,565,5048,601,701,700,691,656,575,603,4527
福井県,1803,丹南,はい,848,917,839,794,665,540,595,5198,756,798,862,765,736,673,817,5407
福井県,1803,丹南,いいえ,3039,3551,3073,2523,2024,1325,1231,16766,2065,2537,2351,1986,1625,1139,1278,12981
福井県,1804,嶺南,はい,612,697,674,553,572,580,651,4339,519,674,610,611,563,638,815,4430
福井県,1804,嶺南,いいえ,1742,2063,1949,1804,1589,1218,1196,11561,1027,1394,1332,1178,1053,1065,1254,8303
山梨県,1901,中北,はい,2049,2281,2495,2227,1863,1475,1217,13607,1435,1964,2034,2038,1630,1346,1256,11703
山梨県,1901,中北,いいえ,7019,8569,8111,7045,5710,5334,5918,47706,5772,7248,7038,6072,5693,5935,6996,44754
山梨県,1902,峡東,はい,517,672,787,696,649,576,587,4484,434,592,693,713,674,619,599,4324
山梨県,1902,峡東,いいえ,1817,2268,2261,1904,1729,1596,1811,13386,1557,1932,1995,1717,1542,1707,1879,12329
山梨県,1903,峡南,はい,169,228,252,245,245,243,268,1650,117,165,209,229,237,253,301,1511
山梨県,1903,峡南,いいえ,642,753,799,798,847,878,987,5704,511,699,732,760,777,886,1057,5422
山梨県,1904,富士・東部,はい,824,926,1075,1118,1029,966,1026,6964,622,730,911,1011,1000,1013,1016,6303
山梨県,1904,富士・東部,いいえ,2081,2523,2765,2630,2220,1831,1746,15796,1611,2069,2327,2130,1896,1689,1769,13491
長野県,2001,佐久,はい,1144,1348,1387,1354,1295,1277,1388,9193,980,1134,1281,1277,1335,1403,1678,9088
長野県,2001,佐久,いいえ,2711,2974,2820,2464,2182,1748,1962,16861,2013,2296,2196,1945,1730,1570,1817,13567
長野県,2002,上小,はい,1020,1355,1272,1198,1007,829,726,7407,775,1065,1085,1000,897,739,702,6263
長野県,2002,上小,いいえ,2322,2881,2648,2119,1701,1190,993,13854,1541,1979,1935,1609,1322,929,885,10200
長野県,2003,諏訪,はい,969,1307,1310,1186,1022,902,1057,7753,828,1133,1182,1061,1009,1028,1410,7651
長野県,2003,諏訪,いいえ,2512,3167,3061,2329,1821,1618,2048,16556,1894,2647,2516,1962,1735,1620,2296,14670
長野県,2004,上伊那,はい,996,1224,1323,1136,1069,927,1042,7717,823,1068,1101,1091,1037,1033,1281,7434
長野県,2004,上伊那,いいえ,2626,3311,2830,2405,2115,1669,2011,16967,2032,2585,2458,1991,1777,1728,2322,14893
長野県,2005,飯伊,はい,910,1048,1115,1053,936,1012,1083,7157,829,970,1024,1028,1066,1119,1205,7241
長野県,2005,飯伊,いいえ,2200,2546,2387,2098,1743,1518,1401,13893,1568,1969,1831,1713,1560,1368,1323,11332
長野県,2006,木曽,はい,89,150,156,196,164,208,274,1237,86,90,121,149,177,196,329,1148
長野県,2006,木曽,いいえ,306,373,370,391,334,377,455,2606,230,241,270,274,288,318,422,2043
長野県,2007,松本,はい,2381,2998,2954,2504,2112,1653,1579,16181,1996,2558,2612,2280,1937,1748,1693,14824
長野県,2007,松本,いいえ,6066,7358,6916,5550,4014,2991,2845,35740,4058,5302,5104,4149,3348,2535,2925,27421
長野県,2008,大北,はい,239,375,373,374,352,358,466,2537,226,319,380,386,355,386,499,2551
長野県,2008,大北,いいえ,745,891,887,797,666,579,700,5265,500,724,681,651,579,498,663,4296
長野県,2009,長野,はい,3341,4002,4210,3562,3209,2795,3310,24429,2600,3532,3835,3612,3225,3296,4162,24262
長野県,2009,長野,いいえ,7536,9346,8767,7322,5954,4842,5656,49423,5380,6987,6682,5598,4686,4791,6629,40753
長野県,2010,北信,はい,438,515,525,563,546,525,600,3712,353,499,476,514,570,532,570,3514
長野県,2010,北信,いいえ,1082,1277,1226,1144,1037,984,1089,7839,911,1111,1065,1076,954,956,1052,7125
岐阜県,2101,岐阜,はい,3489,4374,4142,3485,2696,2070,1987,22243,3149,3857,4120,3477,2767,2021,2103,21494
岐阜県,2101,岐阜,いいえ,10920,13546,12927,10150,7646,4924,4604,64717,6854,9108,8980,7014,5326,3957,4729,45968
岐阜県,2102,西濃,はい,1730,2115,2097,1768,1552,1308,1429,11999,1354,1678,1742,1714,1598,1526,1798,11410
岐阜県,2102,西濃,いいえ,5011,6266,5836,4836,3995,3088,3202,32234,3169,4195,4106,3478,3019,2622,3321,23910
岐阜県,2103,中濃,はい,1536,1904,1859,1590,1591,1560,1839,11879,1267,1563,1648,1641,1692,1730,1956,11497
岐阜県,2103,中濃,いいえ,5446,6600,5991,4910,4423,3824,4182,35376,3337,4366,4319,3781,3585,3547,4083,27018
岐阜県,2104,東濃,はい,1471,1875,1846,1685,1498,1336,1318,11029,1092,1392,1546,1604,1532,1327,1655,10148
岐阜県,2104,東濃,いいえ,4517,5580,5288,4563,3790,2818,2744,29300,2933,3875,3968,3389,3051,2515,2962,22693
岐阜県,2105,飛騨,はい,604,767,760,664,552,332,244,3923,490,654,666,647,487,310,198,3452
岐阜県,2105,飛騨,いいえ,1911,2362,2219,1934,1653,871,591,11541,1420,1861,1844,1631,1217,685,502,9160
静岡県,2201,賀茂,はい,169,234,275,258,239,249,311,1735,138,171,243,223,243,302,449,1769
静岡県,2201,賀茂,いいえ,489,679,799,679,590,581,675,4492,344,547,553,488,470,553,732,3687
静岡県,2202,熱海伊東,はい,249,415,507,439,452,444,673,3179,258,356,465,459,471,575,896,3480
静岡県,2202,熱海伊東,いいえ,674,1028,1096,989,961,863,1327,6938,562,855,972,852,861,964,1826,6892
静岡県,2203,駿東田方,はい,2843,3584,3656,3181,2609,2065,2124,20062,2462,3188,3338,3115,2576,2277,2558,19514
静岡県,2203,駿東田方,いいえ,8855,10881,10533,8641,6753,4757,4668,55088,5888,7671,7593,6215,5001,4202,5092,41662
静岡県,2204,富士,はい,1981,2402,2392,2043,1666,1537,1833,13854,1529,1890,2110,1979,1750,1820,2178,13256
静岡県,2204,富士,いいえ,5904,7056,7004,5773,4603,3360,3473,37173,3550,4739,4771,3975,3278,2919,3606,26838
静岡県,2205,静岡,はい,3442,4471,4675,4052,3377,2807,3267,26091,3093,4057,4405,3955,3424,3013,3554,25501
静岡県,2205,静岡,いいえ,9725,12407,12319,9859,8070,6024,6492,64896,6972,8742,8932,7163,5915,5140,6457,49321
静岡県,2206,志太榛原,はい,2298,2710,2566,2196,2134,1790,1943,15637,2042,2307,2486,2345,2222,2069,2306,15777
静岡県,2206,志太榛原,いいえ,6508,7924,7386,6247,5282,3927,3962,41236,4465,5683,5209,4413,3951,3273,3895,30889
静岡県,2207,中東遠,はい,2645,3043,2916,2597,2451,2050,2104,17806,2391,2841,2729,2526,2479,2266,2461,17693
静岡県,2207,中東遠,いいえ,7917,8808,7386,6072,5287,3819,3920,43209,4928,5705,5099,4156,4012,3452,3770,31122
静岡県,2208,西部,はい,4710,5751,6100,5326,4736,3676,3810,34109,4549,5701,6175,5179,4675,3921,4306,34506
静岡県,2208,西部,いいえ,13784,15760,14664,11867,9396,6670,6897,79038,8659,10584,10340,8135,6812,5739,6617,56886
愛知県,2302,海部,はい,1639,2126,2241,1670,1274,1084,1477,11511,1229,1791,1775,1453,1318,1358,1941,10865
愛知県,2302,海部,いいえ,4098,5740,5565,4196,3024,2419,3136,28178,2564,3579,3609,2801,2273,2307,4046,21179
愛知県,2304,尾張東部,はい,2451,3011,3050,2339,1971,1471,2032,16325,2392,2883,3079,2489,1973,1948,2832,17596
愛知県,2304,尾張東部,いいえ,6768,8570,8253,6186,4559,3429,4458,42223,4697,5843,5587,4191,3384,3323,5134,32159
愛知県,2305,尾張西部,はい,2526,3317,3271,2778,2093,1969,2482,18436,2406,3093,3238,2758,2336,2289,3155,19275
愛知県,2305,尾張西部,いいえ,6782,8989,8718,6808,5021,4234,5715,46267,4703,6492,6585,5261,4263,4475,7212,38991
愛知県,2306,尾張北部,はい,3458,4337,4451,3554,2786,2408,3064,24058,3026,3836,4147,3337,2803,2879,4178,24206
愛知県,2306,尾張北部,いいえ,9950,13036,12351,9208,6419,4923,6142,62029,6062,8389,8057,5922,4513,4710,7225,44878
愛知県,2307,知多半島,はい,3227,3840,3540,2946,2431,2233,2668,20885,2929,3577,3598,3035,2580,2463,3388,21570
愛知県,2307,知多半島,いいえ,9956,12534,11504,8944,6689,5386,7453,62466,6432,8160,7840,6221,5309,5655,8615,48232
愛知県,2308,西三河北部,はい,1892,2216,2294,1755,1571,1485,1980,13193,2015,2467,2718,2165,1940,1934,2541,15780
愛知県,2308,西三河北部,いいえ,6740,8125,7282,5239,4127,3483,4285,39281,4529,5861,5489,4169,3378,3294,4507,31227
愛知県,2309,西三河南部西,はい,3768,4009,3970,3185,2497,2164,2448,22041,3010,3545,3624,3288,2596,2420,2901,21384
愛知県,2309,西三河南部西,いいえ,12031,14054,12900,9906,7224,5172,6396,67683,7315,8945,8848,6866,5043,4874,6473,48364
愛知県,2310,西三河南部東,はい,1908,2150,2020,1643,1432,1375,1653,12181,1721,1887,1982,1790,1567,1520,1893,12360
愛知県,2310,西三河南部東,いいえ,7158,8061,7291,5555,4386,4130,5307,41888,4791,5814,5433,4535,4122,4245,5698,34638
愛知県,2311,東三河北部,はい,236,283,285,290,274,315,388,2071,198,231,248,287,323,386,481,2154
愛知県,2311,東三河北部,いいえ,689,770,712,615,635,590,767,4778,353,499,445,419,510,570,800,3596
愛知県,2312,東三河南部,はい,2855,3495,3525,2863,2478,1779,1624,18619,2636,3218,3369,2914,2497,1839,2035,18508
愛知県,2312,東三河南部,いいえ,8888,10955,9912,7608,6056,4065,3639,51123,5501,6997,6904,5573,4420,3266,3591,36252
愛知県,2313,名古屋・尾張中部,はい,14591,16408,16265,13235,10296,7891,8870,87556,12331,14681,15373,12606,9858,8490,11146,84485
愛知県,2313,名古屋・尾張中部,いいえ,34830,41029,39293,30867,22266,15134,16250,199669,22419,26511,25510,20119,15430,12880,16727,139596
三重県,2401,北勢,はい,4308,5370,5440,4453,3813,3319,4315,31018,3828,4734,5036,4420,3954,4296,5908,32176
三重県,2401,北勢,いいえ,12298,15666,15045,12038,9149,7003,8824,80023,7685,10264,10106,8136,6648,6573,9822,59234
三重県,2402,中勢伊賀,はい,2162,2482,2486,2135,2160,2138,2512,16075,1800,2106,2276,2287,2378,2505,3245,16597
三重県,2402,中勢伊賀,いいえ,5968,7298,6877,5614,4885,4017,4531,39190,4106,5214,4987,4076,3867,3833,5042,31125
三重県,2403,南勢志摩,はい,1716,2199,2294,2200,2129,2124,2666,15328,1558,2003,2182,2252,2371,2801,3645,16812
三重県,2403,南勢志摩,いいえ,5576,7092,6738,5812,4859,4264,5212,39553,3855,5225,5125,4475,4086,4470,6095,33331
三重県,2404,東紀州,はい,212,271,297,303,313,389,477,2262,154,219,240,275,355,463,705,2411
三重県,2404,東紀州,いいえ,599,874,836,761,676,713,885,5344,441,584,638,631,652,706,1096,4748
滋賀県,2501,大津,はい,1492,1891,1781,1609,1440,1374,1778,11365,1628,1919,1969,1777,1732,1673,2317,13015
滋賀県,2501,大津,いいえ,4252,5211,4897,3989,3252,2557,2810,26968,3224,3875,3876,3159,2620,2181,2809,21744
滋賀県,2502,湖南,はい,1856,2226,2017,1659,1280,1175,1470,11683,1890,2186,2138,1597,1468,1507,2198,12984
滋賀県,2502,湖南,いいえ,5674,6421,5676,4289,2902,2181,2616,29759,4106,4779,3987,2872,2162,2049,2954,22909
滋賀県,2503,甲賀,はい,661,769,837,758,716,667,849,5257,546,725,725,745,873,833,1031,5478
滋賀県,2503,甲賀,いいえ,2354,2705,2407,1932,1688,1422,1664,14172,1543,1764,1596,1440,1370,1319,1751,10783
滋賀県,2504,東近江,はい,1028,1224,1154,1015,977,904,991,7293,1016,1126,1201,1149,1122,1069,1087,7770
滋賀県,2504,東近江,いいえ,3596,3851,3352,2747,2329,1553,1559,18987,2342,2674,2314,2086,1749,1302,1449,13916
滋賀県,2505,湖東,はい,803,900,772,690,660,566,624,5015,633,732,745,686,693,730,771,4990
滋賀県,2505,湖東,いいえ,2288,2612,2324,1790,1503,1134,1124,12775,1550,1879,1739,1431,1292,1058,1254,10203
滋賀県,2506,湖北,はい,645,745,712,687,668,613,706,4776,601,665,738,783,737,749,772,5045
滋賀県,2506,湖北,いいえ,2297,2720,2516,2115,1699,1291,1276,13914,1662,1957,1933,1668,1460,1272,1375,11327
滋賀県,2507,湖西,はい,182,228,222,246,251,211,244,1584,175,218,229,276,269,232,269,1668
滋賀県,2507,湖西,いいえ,495,594,678,583,587,363,321,3621,413,494,559,533,482,349,409,3239
京都府,2601,丹後,はい,294,417,438,454,445,321,319,2688,209,295,346,383,369,344,402,2348
京都府,2601,丹後,いいえ,1042,1408,1395,1274,1202,1116,1340,8777,834,1248,1259,1146,1158,1148,1374,8167
京都府,2602,中丹,はい,654,953,883,826,773,748,925,5762,550,759,795,765,806,817,1126,5618
京都府,2602,中丹,いいえ,2170,2718,2533,2084,1893,1603,1969,14970,1491,2103,1993,1644,1653,1459,2299,12642
京都府,2603,南丹,はい,532,622,626,582,596,569,734,4261,478,535,657,648,709,676,879,4582
京都府,2603,南丹,いいえ,1573,1868,1705,1456,1378,1272,1478,10730,1063,1462,1359,1249,1245,1156,1541,9075
京都府,2604,京都・乙訓,はい,6951,8350,8353,7158,5788,4460,5442,46502,7033,8452,8559,7257,5597,4945,6821,48664
京都府,2604,京都・乙訓,いいえ,18022,22431,21573,16893,13173,9033,9784,110909,14106,17120,16375,13136,9992,7773,9758,88260
京都府,2605,山城北,はい,1895,2544,2493,1956,1775,1687,2508,14858,1857,2356,2501,2187,1902,2241,3429,16473
京都府,2605,山城北,いいえ,5317,7243,6478,5022,3689,3118,4177,35044,3714,5138,4545,3632,3072,3184,5511,28796
京都府,2606,山城南,はい,595,689,669,527,481,489,641,4091,491,637,634,616,531,600,895,4404
京都府,2606,山城南,いいえ,1566,1980,1790,1369,1105,918,1196,9924,1142,1417,1266,1002,857,860,1230,7774
大阪府,2701,豊能,はい,5338,5946,6151,4932,3795,2951,3626,32739,4747,5636,6054,4909,3792,3452,4392,32982
大阪府,2701,豊能,いいえ,12692,15649,15096,11579,8167,5367,6171,74721,9590,12002,11697,8656,6015,5001,7057,60018
大阪府,2702,三島,はい,3336,4141,4175,3280,2685,2326,3061,23004,3198,3878,4138,3184,2775,2845,4089,24107
大阪府,2702,三島,いいえ,9092,11710,11170,7914,5860,4392,5634,55772,6666,8654,8142,5835,4672,4457,6837,45263
大阪府,2703,北河内,はい,4339,5450,5545,4818,3834,3315,4442,31743,3902,5025,5499,4727,3767,3908,6301,33129
大阪府,2703,北河内,いいえ,11688,15839,15662,11650,8243,5669,6305,75056,8363,11486,11579,8436,6044,5226,7944,59078
大阪府,2704,中河内,はい,2873,3824,4035,3540,2801,2301,2895,22269,2428,3294,3830,3388,2852,2708,3887,22387
大阪府,2704,中河内,いいえ,8355,11079,11289,8366,5970,4200,5250,54509,5774,8148,8407,6795,5066,4493,6627,45310
大阪府,2705,南河内,はい,1903,2484,2685,2438,2321,2329,3186,17346,1810,2453,2857,2632,2616,2857,4390,19615
大阪府,2705,南河内,いいえ,4928,6717,7081,5930,4746,4010,5063,38475,3663,5108,5374,4529,3747,4100,6136,32657
大阪府,2706,堺市,はい,3444,4411,4575,3578,2947,2390,3323,24668,3273,4221,4478,3546,2936,3072,4411,25937
大阪府,2706,堺市,いいえ,8340,11685,11147,8062,5704,4153,5025,54116,6286,8369,7799,5910,4281,3994,6366,43005
大阪府,2707,泉州,はい,3328,4166,4423,3939,3170,2943,3735,25704,3150,4281,4599,3995,3561,3737,4824,28147
大阪府,2707,泉州,いいえ,8203,11588,11682,8804,6665,5257,6328,58527,6142,8466,8527,6651,5185,5294,7480,47745
大阪府,2708,大阪市,はい,14446,15957,16350,13179,10224,7162,7441,84759,14527,16187,16710,14543,10337,7526,8792,88622
大阪府,2708,大阪市,いいえ,34214,41142,40272,30267,20896,12487,11372,190650,27357,32516,31454,24363,16968,10629,12502,155789
兵庫県,2801,神戸,はい,6583,8108,8256,7291,6527,5653,6925,49343,6138,7498,8144,7316,6658,6443,8766,50963
兵庫県,2801,神戸,いいえ,18683,23538,23010,18004,14273,10475,11499,119482,14137,17737,16824,13578,10948,9276,12041,94541
兵庫県,2804,東播磨,はい,2840,3370,3402,2904,2609,2282,2757,20164,2577,3146,3386,2940,2554,2705,3730,21038
兵庫県,2804,東播磨,いいえ,9790,11808,11164,8345,6300,4775,5156,57338,6086,7711,7395,5525,4284,3962,5076,40039
兵庫県,2805,北播磨,はい,828,1065,1099,1037,986,1015,1200,7230,651,806,924,983,1087,1133,1432,7016
兵庫県,2805,北播磨,いいえ,3169,3875,3637,3103,2550,2250,2606,21190,2286,2951,2859,2448,2184,2211,2718,17657
兵庫県,2808,但馬,はい,616,842,765,744,785,816,913,5481,478,665,776,758,908,964,1070,5619
兵庫県,2808,但馬,いいえ,2077,2498,2327,2030,2081,1871,2110,14994,1558,2028,2038,1946,1855,1854,2098,13377
兵庫県,2809,丹波,はい,380,473,435,366,439,447,518,3058,324,374,421,397,481,550,621,3168
兵庫県,2809,丹波,いいえ,1199,1386,1233,1097,1080,921,960,7876,829,1025,982,983,992,829,893,6533
兵庫県,2810,淡路,はい,370,454,484,422,480,499,581,3290,365,407,429,464,571,580,730,3546
兵庫県,2810,淡路,いいえ,1385,1707,1552,1452,1401,1351,1506,10354,1189,1505,1420,1260,1375,1427,1639,9815
兵庫県,2811,阪神,はい,7137,8999,9541,8119,6382,5032,5641,50851,6652,8809,9779,7985,6216,5286,6641,51368
兵庫県,2811,阪神,いいえ,19274,25460,25528,19933,14290,9332,10021,123838,14577,18933,18625,13992,10255,7860,10252,94494
兵庫県,2812,播磨姫路,はい,3246,3868,3918,3537,3207,3057,3621,24454,2785,3574,3704,3497,3341,3795,4805,25501
兵庫県,2812,播磨姫路,いいえ,10037,12707,11232,9306,7530,6031,7407,64250,6560,8844,8119,6758,5756,5761,8507,50305
奈良県,2901,奈良,はい,1355,1672,1813,1547,1460,1362,1912,11121,1453,1866,1965,1791,1631,1949,2700,13355
奈良県,2901,奈良,いいえ,3458,4592,4674,3973,3157,2483,2909,25246,2928,3806,4083,3272,2592,2516,3566,22763
奈良県,2902,東和,はい,602,826,787,734,733,760,1001,5443,602,724,830,819,882,943,1253,6053
奈良県,2902,東和,いいえ,1877,2429,2468,2098,1751,1420,1604,13647,1496,1862,1883,1650,1405,1317,1750,11363
奈良県,2903,西和,はい,1381,1661,1742,1425,1305,1275,1894,10683,1356,1672,1822,1651,1525,1794,2776,12596
奈良県,2903,西和,いいえ,3562,4864,4690,3738,2854,2245,2928,24881,2801,3698,3502,2733,2251,2320,3567,20872
奈良県,2904,中和,はい,1345,1700,1756,1511,1429,1340,1672,10753,1313,1676,1809,1694,1669,1765,2316,12242
奈良県,2904,中和,いいえ,4026,5188,5116,4129,3096,2422,2834,26811,3055,3833,3964,3177,2426,2324,3166,21945
奈良県,2905,南和,はい,165,202,252,246,287,295,341,1788,166,193,225,295,355,355,448,2037
奈良県,2905,南和,いいえ,452,626,688,673,689,582,530,4240,389,548,525,598,586,507,532,3685
和歌山県,3001,和歌山,はい,1605,1915,1978,1777,1610,1483,1838,12206,1384,1766,1885,1713,1630,1832,2635,12845
和歌山県,3001,和歌山,いいえ,4080,5385,5326,4276,3556,2881,3753,29257,2649,3483,3496,3046,2550,2795,4336,22355
和歌山県,3002,那賀,はい,447,555,520,499,474,445,571,3511,413,513,573,557,557,631,785,4029
和歌山県,3002,那賀,いいえ,1080,1452,1472,1210,1083,916,1034,8247,742,1010,1051,985,840,817,1067,6512
和歌山県,3003,橋本,はい,304,392,342,355,386,438,501,2718,318,402,408,418,503,513,693,3255
和歌山県,3003,橋本,いいえ,682,942,903,838,809,734,826,5734,474,660,716,647,633,675,816,4621
和歌山県,3004,有田,はい,256,322,346,269,337,300,400,2230,236,311,350,356,398,474,516,2641
和歌山県,3004,有田,いいえ,674,875,782,742,575,575,652,4875,581,625,687,576,520,508,596,4093
和歌山県,3005,御坊,はい,284,352,301,285,327,332,377,2258,238,295,326,341,337,444,443,2424
和歌山県,3005,御坊,いいえ,674,856,779,702,616,577,583,4787,473,574,554,501,494,513,564,3673
和歌山県,3006,田辺,はい,441,545,553,535,517,519,544,3654,435,502,484,588,590,585,683,3867
和歌山県,3006,田辺,いいえ,1239,1644,1513,1360,1275,1007,1086,9124,988,1246,1260,1204,1054,995,1220,7967
和歌山県,3007,新宮,はい,221,284,320,262,292,275,398,2052,160,209,242,271,306,401,515,2104
和歌山県,3007,新宮,いいえ,417,631,600,584,531,462,633,3858,335,425,456,461,455,515,772,3419
鳥取県,3101,東部,はい,1261,1491,1264,1181,1195,1182,1161,8735,1014,1188,1172,1157,1278,1391,1516,8716
鳥取県,3101,東部,いいえ,2805,3250,2759,2492,2266,1968,2084,17624,2217,2588,2305,2057,1917,1921,2188,15193
鳥取県,3102,中部,はい,428,495,454,448,521,463,501,3310,374,423,432,442,525,575,608,3379
鳥取県,3102,中部,いいえ,1092,1158,1075,978,891,875,863,6932,794,1060,851,808,825,849,960,6147
鳥取県,3103,西部,はい,1134,1265,1214,1051,1054,924,1026,7668,983,1183,1181,1152,1116,1079,1329,8023
鳥取県,3103,西部,いいえ,2580,3152,2810,2424,2103,1847,1899,16815,2024,2416,2163,1885,1734,1653,2237,14112
島根県,3201,松江,はい,1157,1392,1329,1122,1085,1078,1427,8590,1071,1318,1267,1163,1191,1353,1810,9173
島根県,3201,松江,いいえ,3010,3613,3396,2789,2608,2248,2499,20163,2357,3024,2742,2373,2172,2083,2933,17684
島根県,3202,雲南,はい,253,331,268,270,317,359,415,2213,219,257,244,265,313,329,447,2074
島根県,3202,雲南,いいえ,660,804,658,612,732,661,745,4872,555,645,583,575,601,562,689,4210
島根県,3203,出雲,はい,803,876,781,724,771,695,936,5586,667,814,780,861,837,1016,1121,6096
島根県,3203,出雲,いいえ,2246,2683,2354,2024,1851,1726,1910,14794,1884,2184,1799,1600,1561,1566,1941,12535
島根県,3204,大田,はい,227,237,221,198,240,282,347,1752,143,164,216,215,252,310,430,1730
島根県,3204,大田,いいえ,573,701,586,567,615,582,704,4328,475,629,503,499,625,624,724,4079
島根県,3205,浜田,はい,353,397,376,374,425,455,622,3002,298,361,361,370,415,455,674,2934
島根県,3205,浜田,いいえ,872,1117,921,833,894,836,992,6465,677,836,748,691,773,846,1117,5688
島根県,3206,益田,はい,261,285,238,246,305,357,446,2138,170,204,243,260,309,418,564,2168
島根県,3206,益田,いいえ,702,840,654,680,709,746,898,5229,519,664,529,515,603,714,961,4505
島根県,3207,隠岐,はい,88,89,68,68,91,117,164,685,60,84,69,73,82,127,205,700
島根県,3207,隠岐,いいえ,261,265,196,212,193,214,243,1584,203,230,190,182,185,208,256,1454
岡山県,3301,県南東部,はい,4323,5314,4984,4107,3801,3275,3580,29384,4032,5014,5098,4597,4219,4032,4880,31872
岡山県,3301,県南東部,いいえ,11652,14696,12783,10144,8204,6782,7109,71370,8621,10715,9750,7709,6720,5987,7649,57151
岡山県,3302,県南西部,はい,2938,3546,3428,2860,2599,2462,2604,20437,2634,3505,3545,3093,2971,3027,3662,22437
岡山県,3302,県南西部,いいえ,9362,11925,10533,7848,6385,5265,5507,56825,6371,8403,7504,5520,4830,4496,5633,42757
岡山県,3303,高梁・新見,はい,165,215,257,238,328,329,344,1876,133,194,187,251,296,362,424,1847
岡山県,3303,高梁・新見,いいえ,569,704,592,582,621,564,536,4168,427,511,455,448,568,489,491,3389
岡山県,3304,真庭,はい,179,201,180,161,209,222,244,1396,166,170,162,198,241,298,361,1596
岡山県,3304,真庭,いいえ,526,599,466,456,546,477,553,3623,387,444,414,449,465,469,518,3146
岡山県,3305,津山・英田,はい,646,769,769,640,686,721,785,5016,597,728,694,701,775,848,975,5318
岡山県,3305,津山・英田,いいえ,1960,2393,1988,1506,1618,1445,1581,12491,1520,1814,1638,1371,1513,1364,1640,10860
広島県,3401,広島,はい,6152,7647,7742,6438,4833,3094,2545,38451,5778,7244,7288,5835,4254,2743,2660,35802
広島県,3401,広島,いいえ,19812,24991,23299,17893,13638,8023,6064,113720,13337,17020,15926,11951,8742,5538,5188,77702
広島県,3402,広島西,はい,573,661,687,608,593,527,509,4158,527,626,722,642,621,538,471,4147
広島県,3402,広島西,いいえ,1640,2089,1854,1613,1447,1045,943,10631,1090,1420,1276,1086,971,788,730,7361
広島県,3403,呉,はい,579,857,876,852,744,695,860,5463,582,774,829,782,733,813,1127,5640
広島県,3403,呉,いいえ,2366,3523,3269,2777,2305,1802,1867,17909,1667,2462,2278,2025,1641,1409,2030,13512
広島県,3404,広島中央,はい,1076,1245,1254,1102,908,767,1026,7378,743,1025,1033,927,944,872,1236,6780
広島県,3404,広島中央,いいえ,3266,4052,3698,2913,2289,1566,1772,19556,1902,2542,2349,1849,1632,1358,1791,13423
広島県,3405,尾三,はい,873,1088,1016,933,1017,884,1119,6930,796,1008,1055,992,1138,1162,1421,7572
広島県,3405,尾三,いいえ,2684,3426,3003,2471,2213,1973,2011,17781,1710,2339,2151,1905,1839,1711,2031,13686
広島県,3406,福山・府中,はい,2032,2453,2322,2014,1769,1550,1736,13876,1720,2031,2186,1905,1839,1950,2191,13822
広島県,3406,福山・府中,いいえ,6621,8091,6880,5370,4494,3546,3595,38597,4258,5439,4868,3775,3209,2835,3358,27742
広島県,3407,備北,はい,339,385,416,321,378,435,552,2826,304,368,363,385,449,514,563,2946
広島県,3407,備北,いいえ,909,1110,910,842,886,834,840,6331,717,880,793,740,783,790,875,5578
山口県,3501,岩国,はい,425,569,598,517,480,505,575,3669,384,529,596,520,537,592,764,3922
山口県,3501,岩国,いいえ,1231,1697,1605,1396,1266,1086,1249,9530,854,1186,1217,988,885,992,1325,7447
山口県,3502,柳井,はい,222,300,322,243,299,298,352,2036,198,261,291,281,332,379,476,2218
山口県,3502,柳井,いいえ,768,1035,896,737,704,679,659,5478,563,763,797,600,622,601,758,4704
山口県,3503,周南,はい,918,1154,1209,956,892,896,1170,7195,869,1226,1263,1033,1050,1167,1616,8224
山口県,3503,周南,いいえ,2916,4021,3655,2694,2278,1883,2295,19742,2021,2814,2546,2025,1792,1853,2864,15915
山口県,3504,山口・防府,はい,1268,1648,1568,1326,1294,1169,1436,9709,1019,1254,1361,1212,1253,1303,1796,9198
山口県,3504,山口・防府,いいえ,4331,5311,4673,3862,3323,2457,2650,26607,2726,3411,3095,2550,2307,2177,2706,18972
山口県,3505,宇部・小野田,はい,965,1140,1082,952,897,999,1534,7569,749,915,1017,976,1028,1342,1899,7926
山口県,3505,宇部・小野田,いいえ,3021,3799,3288,2793,2409,2003,2066,19379,2017,2430,2461,1998,1782,1872,2455,15015
山口県,3506,下関,はい,967,1258,1177,1115,970,929,1089,7505,824,1084,1175,1130,1060,1120,1444,7837
山口県,3506,下関,いいえ,2719,3452,2962,2395,2126,1837,1767,17258,1900,2407,2439,2077,1918,1703,2258,14702
山口県,3507,長門,はい,123,149,108,104,135,148,188,955,108,125,139,119,161,183,224,1059
山口県,3507,長門,いいえ,393,464,419,316,371,312,342,2617,263,326,333,316,367,348,420,2373
山口県,3508,萩,はい,166,228,202,198,208,260,298,1560,135,156,200,192,249,281,378,1591
山口県,3508,萩,いいえ,460,600,556,494,538,490,496,3634,304,467,456,431,425,515,571,3169
徳島県,3601,東部,はい,2101,2507,2362,2268,2120,2216,2800,16374,1928,2242,2344,2269,2306,2954,3493,17536
徳島県,3601,東部,いいえ,5646,6753,6211,5277,4557,3793,4393,36630,4378,5573,5230,4431,3968,4133,5192,32905
徳島県,3603,南部,はい,523,656,605,632,639,774,1158,4987,409,521,611,631,781,1011,1430,5394
徳島県,3603,南部,いいえ,1574,1812,1624,1374,1236,1230,1501,10351,1111,1342,1353,1149,1135,1302,1718,9110
徳島県,3605,西部,はい,217,261,282,308,366,506,614,2554,215,269,277,305,400,588,681,2735
徳島県,3605,西部,いいえ,672,716,669,667,737,746,812,5019,512,629,612,669,713,710,871,4716
香川県,3702,小豆,はい,99,112,98,106,109,135,189,848,114,134,115,130,141,191,284,1109
香川県,3702,小豆,いいえ,231,236,229,228,209,212,323,1668,190,209,218,201,211,258,362,1649
香川県,3706,東部,はい,2693,3347,3229,2732,2402,2256,2794,19453,2525,3324,3378,2865,2814,2808,3872,21586
香川県,3706,東部,いいえ,6454,8327,7294,5772,4954,4146,5398,42345,4933,6233,5640,4424,4101,4331,6634,36296
香川県,3707,西部,はい,1715,2115,1987,1773,1756,1809,2247,13402,1558,1998,2004,1969,2116,2331,3084,15060
香川県,3707,西部,いいえ,4679,5713,4916,4086,3917,3437,4214,30962,3415,4354,3879,3246,3250,3371,4827,26342
愛媛県,3801,宇摩,はい,374,440,418,394,373,298,297,2594,340,403,385,360,344,329,360,2521
愛媛県,3801,宇摩,いいえ,1001,1280,1076,982,713,473,401,5926,604,793,765,628,450,408,334,3982
愛媛県,3802,新居浜・西条,はい,961,1116,1030,1024,918,680,692,6421,702,903,926,912,825,764,847,5879
愛媛県,3802,新居浜・西条,いいえ,2522,3206,2730,2274,1823,1168,1087,14810,1767,2142,1933,1632,1244,939,1036,10693
愛媛県,3803,今治,はい,666,841,806,748,742,679,857,5339,547,696,746,747,735,694,953,5118
愛媛県,3803,今治,いいえ,1819,2299,2074,1602,1376,1006,1079,11255,1274,1674,1638,1274,1080,870,1131,8941
愛媛県,3804,松山,はい,3059,3656,3537,3094,3076,2184,1764,20370,2816,3323,3499,3027,2753,2194,2058,19670
愛媛県,3804,松山,いいえ,8876,10901,9556,7719,6199,4036,2960,50247,6404,7757,6997,5684,4598,3232,2828,37500
愛媛県,3805,八幡浜・大洲,はい,509,627,633,681,687,699,749,4585,483,526,621,649,646,722,897,4544
愛媛県,3805,八幡浜・大洲,いいえ,1437,1832,1559,1570,1510,1004,945,9857,1127,1394,1444,1295,1226,1013,938,8437
愛媛県,3806,宇和島,はい,382,521,485,479,548,517,694,3626,338,432,487,504,601,670,839,3871
愛媛県,3806,宇和島,いいえ,1144,1413,1236,1206,1033,788,815,7635,914,1268,1207,1115,1016,872,949,7341
高知県,3901,安芸,はい,160,209,209,217,216,222,282,1515,129,196,187,200,233,293,428,1666
高知県,3901,安芸,いいえ,451,511,507,475,455,427,541,3367,303,391,409,408,416,529,678,3134
高知県,3902,中央,はい,2527,3108,2704,2493,2357,2316,2796,18301,2421,2890,2935,2652,2762,2776,3544,19980
高知県,3902,中央,いいえ,6307,7923,6864,5672,4875,3909,4235,39785,4956,6268,5721,4824,4144,3668,4670,34251
高知県,3903,高幡,はい,234,273,295,272,320,367,481,2242,144,231,215,256,314,415,532,2107
高知県,3903,高幡,いいえ,539,602,561,501,556,564,664,3987,393,487,467,455,489,552,656,3499
高知県,3904,幡多,はい,276,359,337,292,404,464,652,2784,259,351,332,372,476,663,898,3351
高知県,3904,幡多,いいえ,771,940,779,697,705,735,837,5464,633,827,753,662,679,796,1006,5356
福岡県,4001,福岡・糸島,はい,9594,10467,9965,7970,6679,5462,5839,55976,9226,10301,9852,8172,6732,5915,6737,56935
福岡県,4001,福岡・糸島,いいえ,22134,24590,21811,16968,13241,9397,9082,117223,17253,18731,16579,12691,10046,8226,9562,93088
福岡県,4002,粕屋,はい,1544,1781,1560,1136,1125,1039,1059,9244,1380,1559,1316,1103,1086,1079,1206,8729
福岡県,4002,粕屋,いいえ,4422,5159,3899,2854,2522,2005,2020,22881,3188,3514,2824,2172,1916,1802,2059,17475
福岡県,4003,宗像,はい,725,772,687,613,679,688,752,4916,696,773,742,700,742,742,899,5294
福岡県,4003,宗像,いいえ,2193,2173,1756,1429,1427,1216,1317,11511,1608,1628,1408,1238,1153,1210,1304,9549
福岡県,4004,筑紫,はい,2090,2469,2272,1867,1715,1572,1718,13703,1906,2370,2338,1982,1776,1718,2001,14091
福岡県,4004,筑紫,いいえ,5220,6105,5394,4258,3506,2805,3033,30321,4033,4637,4192,3344,2736,2496,3177,24615
福岡県,4005,朝倉,はい,398,360,368,354,385,399,477,2741,307,354,372,412,448,536,521,2950
福岡県,4005,朝倉,いいえ,1033,1158,960,794,780,808,844,6377,718,855,761,691,667,737,939,5368
福岡県,4006,久留米,はい,1946,2119,2078,1894,1961,1883,2303,14184,1896,2166,2292,2266,2166,2349,2793,15928
福岡県,4006,久留米,いいえ,4937,5677,4851,4199,3732,3301,3566,30263,3586,4281,4126,3376,3037,3167,4008,25581
福岡県,4007,八女・筑後,はい,633,668,650,619,672,664,825,4731,554,571,687,743,740,811,967,5073
福岡県,4007,八女・筑後,いいえ,1439,1570,1376,1268,1242,1093,1136,9124,1036,1286,1203,1088,1045,1104,1261,8023
福岡県,4008,有明,はい,753,842,888,886,956,926,1059,6310,721,851,901,1027,1009,1263,1546,7318
福岡県,4008,有明,いいえ,1813,2036,1884,1806,1728,1550,1877,12694,1283,1591,1534,1474,1407,1530,2127,10946
福岡県,4009,飯塚,はい,690,778,766,636,786,797,1124,5577,601,676,707,712,859,1042,1382,5979
福岡県,4009,飯塚,いいえ,1941,2163,1623,1405,1470,1350,1597,11549,1616,1930,1604,1269,1404,1442,1919,11184
福岡県,4010,直方・鞍手,はい,415,521,472,385,443,488,664,3388,334,352,405,415,476,592,749,3323
福岡県,4010,直方・鞍手,いいえ,1322,1292,1017,885,942,821,940,7219,864,932,893,726,741,792,1064,6012
福岡県,4011,田川,はい,401,520,449,421,493,534,609,3427,314,433,471,467,529,683,773,3670
福岡県,4011,田川,いいえ,1115,1234,1063,851,863,857,949,6932,970,1104,941,863,811,850,1033,6572
福岡県,4012,北九州,はい,4504,5322,5299,4575,4418,4384,5282,33784,4125,4801,5280,4806,4565,4863,6307,34747
福岡県,4012,北九州,いいえ,12307,14332,12821,10454,9500,7892,8991,76297,9028,11152,10616,8763,7515,7432,10894,65400
福岡県,4013,京築,はい,771,898,899,792,792,877,1022,6051,655,828,880,790,901,1059,1320,6433
福岡県,4013,京築,いいえ,2257,2778,2401,1992,1830,1617,1834,14709,1552,1935,1726,1459,1393,1540,1955,11560
佐賀県,4101,中部,はい,1623,1808,1775,1758,1742,1804,1984,12494,1548,1819,1886,1917,1931,2076,2121,13298
佐賀県,4101,中部,いいえ,4069,4542,4090,3665,3221,2820,2815,25222,2977,3516,3209,2828,2575,2537,2938,20580
佐賀県,4102,東部,はい,656,719,585,564,563,572,752,4411,544,622,622,483,560,641,903,4375
佐賀県,4102,東部,いいえ,1786,1912,1646,1299,1076,981,1094,9794,1064,1287,1172,881,872,970,1241,7487
佐賀県,4103,北部,はい,509,571,453,456,495,574,714,3772,436,519,503,559,626,659,752,4054
佐賀県,4103,北部,いいえ,1190,1359,1162,1111,1128,996,1013,7959,1025,1165,983,1013,1032,1027,1055,7300
佐賀県,4104,西部,はい,345,343,322,356,334,414,494,2608,307,340,330,350,413,469,599,2808
佐賀県,4104,西部,いいえ,960,960,887,797,816,722,701,5843,668,700,669,689,651,733,874,4984
佐賀県,4105,南部,はい,545,565,576,641,635,769,968,4699,420,550,563,645,804,1007,1074,5063
佐賀県,4105,南部,いいえ,1440,1548,1433,1546,1495,1370,1574,10406,1043,1159,1162,1137,1260,1405,1911,9077
長崎県,4201,長崎,はい,2007,2402,2416,2274,2225,2267,2751,16342,1857,2253,2465,2320,2312,2526,3080,16813
長崎県,4201,長崎,いいえ,5174,6469,6322,5577,4989,4321,4941,37793,4379,5282,4999,4528,4154,4431,5861,33634
長崎県,4202,佐世保県北,はい,1031,1217,1135,1101,1118,1278,1597,8477,939,1112,1141,1151,1225,1585,1925,9078
長崎県,4202,佐世保県北,いいえ,2456,2919,2645,2578,2443,2307,2545,17893,2056,2356,2316,2020,1993,2302,2916,15959
長崎県,4203,県央,はい,1065,1212,1126,1086,1056,1134,1239,7918,969,1143,1143,1121,1152,1239,1422,8189
長崎県,4203,県央,いいえ,3147,3671,3370,3014,2705,2308,2369,20584,2368,2642,2660,2350,2127,2342,2974,17463
長崎県,4204,県南,はい,354,433,430,482,580,643,718,3640,370,420,464,532,706,811,995,4298
長崎県,4204,県南,いいえ,1148,1301,1318,1337,1384,1315,1609,9412,949,1166,1277,1268,1330,1573,1853,9416
長崎県,4206,五島,はい,99,122,128,119,150,171,222,1011,81,95,121,127,169,216,258,1067
長崎県,4206,五島,いいえ,302,339,334,344,350,405,386,2460,247,262,283,298,369,420,459,2338
長崎県,4207,上五島,はい,61,71,71,110,106,131,107,657,47,61,53,68,102,94,142,567
長崎県,4207,上五島,いいえ,235,275,257,260,265,245,245,1782,139,188,189,246,236,272,276,1546
長崎県,4208,壱岐,はい,102,110,123,121,140,172,198,966,89,92,91,116,129,176,235,928
長崎県,4208,壱岐,いいえ,250,295,286,253,256,251,330,1921,244,279,224,260,250,284,375,1916
長崎県,4209,対馬,はい,95,121,97,102,135,181,180,911,71,103,98,109,132,199,215,927
長崎県,4209,対馬,いいえ,293,337,326,298,345,352,415,2366,263,271,275,282,345,398,458,2292
熊本県,4302,宇城,はい,465,484,461,491,536,549,625,3611,378,407,488,486,564,592,728,3643
熊本県,4302,宇城,いいえ,1134,1263,1156,1240,1079,986,992,7850,902,1038,968,911,908,954,1049,6730
熊本県,4303,有明,はい,640,628,622,633,681,795,886,4885,540,644,604,692,810,842,1028,5160
熊本県,4303,有明,いいえ,1689,1698,1489,1427,1351,1253,1222,10129,1177,1389,1302,1193,1182,1138,1183,8564
熊本県,4304,鹿本,はい,240,221,254,225,250,283,352,1825,183,227,296,277,299,304,338,1924
熊本県,4304,鹿本,いいえ,533,564,517,520,516,460,495,3605,407,434,409,416,422,464,571,3123
熊本県,4305,菊池,はい,1002,1032,869,814,769,743,677,5906,1017,1083,887,923,886,776,743,6315
熊本県,4305,菊池,いいえ,2868,3066,2326,2097,1763,1284,1044,14448,2076,2061,1716,1473,1273,1019,887,10505
熊本県,4306,阿蘇,はい,270,279,259,288,378,508,540,2522,204,264,293,343,410,538,615,2667
熊本県,4306,阿蘇,いいえ,633,672,616,692,665,764,853,4895,584,629,611,618,681,830,906,4859
熊本県,4308,八代,はい,630,624,640,671,677,699,649,4590,512,641,641,704,822,807,814,4941
熊本県,4308,八代,いいえ,1511,1742,1569,1468,1297,1044,1082,9713,1193,1389,1290,1248,1151,1139,1184,8594
熊本県,4309,芦北,はい,127,147,182,183,163,189,181,1172,99,142,145,184,197,209,226,1202
熊本県,4309,芦北,いいえ,444,492,535,551,533,462,420,3437,340,345,404,414,431,470,417,2821
熊本県,4310,球磨,はい,324,396,405,474,596,645,826,3666,324,400,390,526,578,748,888,3854
熊本県,4310,球磨,いいえ,1007,1112,1018,1068,1094,1070,1088,7457,894,987,995,947,1024,1043,1280,7170
熊本県,4311,天草,はい,327,418,446,480,572,588,617,3448,357,401,416,561,578,664,677,3654
熊本県,4311,天草,いいえ,1144,1251,1223,1164,1297,1159,1107,8345,979,1183,1202,1222,1233,1236,1212,8267
熊本県,4312,熊本・上益城,はい,4013,4431,4118,4030,3851,3655,3678,27776,3995,4529,4601,4533,4240,4206,4713,30817
熊本県,4312,熊本・上益城,いいえ,9745,11314,9707,8701,7476,5825,5456,58224,7814,9213,7955,6882,5701,5092,5850,48507
大分県,4401,東部,はい,584,722,765,669,746,780,1028,5294,574,683,805,805,888,871,1196,5822
大分県,4401,東部,いいえ,1961,2334,2075,1942,2029,1977,2299,14617,1770,2151,2131,1997,1956,2155,2892,15052
大分県,4403,中部,はい,2633,2949,2690,2449,2554,2561,2787,18623,2525,2945,3094,2767,2833,2809,3260,20233
大分県,4403,中部,いいえ,7361,8799,7308,6040,5845,4798,4851,45002,5820,6947,6105,5078,4712,4469,5536,38667
大分県,4405,南部,はい,223,232,223,258,273,381,510,2100,234,217,297,312,379,521,646,2606
大分県,4405,南部,いいえ,715,839,748,729,714,757,814,5316,533,639,636,586,686,760,1002,4842
大分県,4406,豊肥,はい,156,195,188,206,291,315,342,1693,136,145,173,203,314,293,334,1598
大分県,4406,豊肥,いいえ,534,565,557,522,714,691,935,4518,511,561,540,535,723,851,1057,4778
大分県,4408,西部,はい,331,387,321,384,450,394,443,2710,251,286,341,393,366,419,539,2595
大分県,4408,西部,いいえ,973,1148,1068,1062,1108,1042,1035,7436,807,941,885,871,994,941,1103,6542
大分県,4409,北部,はい,738,819,687,618,748,695,797,5102,467,522,594,604,694,804,986,4671
大分県,4409,北部,いいえ,2164,2319,2116,1939,1642,1455,1539,13174,1363,1618,1568,1364,1437,1489,1795,10634
宮崎県,4501,宮崎東諸県,はい,2232,2574,2303,2018,1947,1798,2090,14962,1886,2260,2352,2099,2044,2194,2664,15499
宮崎県,4501,宮崎東諸県,いいえ,5441,6446,5664,4896,4216,3211,2853,32727,4169,5122,4391,3740,3096,2668,2983,26169
宮崎県,4502,都城北諸県,はい,691,681,651,589,752,855,1005,5224,571,674,646,732,870,1069,1293,5855
宮崎県,4502,都城北諸県,いいえ,2369,2539,2064,1961,2131,1868,2368,15300,1683,1841,1741,1606,1808,2142,2858,13679
宮崎県,4503,延岡西臼杵,はい,664,760,775,723,771,818,987,5498,466,619,601,656,766,901,1116,5125
宮崎県,4503,延岡西臼杵,いいえ,2001,2366,2143,1924,1664,1377,1699,13174,1336,1584,1514,1346,1303,1431,1883,10397
宮崎県,4504,日南串間,はい,190,217,204,234,253,307,337,1742,150,168,194,231,282,323,424,1772
宮崎県,4504,日南串間,いいえ,608,637,629,591,686,637,714,4502,429,472,446,526,538,665,874,3950
宮崎県,4505,西諸,はい,221,182,201,239,309,420,625,2197,162,176,193,277,326,480,638,2252
宮崎県,4505,西諸,いいえ,697,716,611,674,759,726,847,5030,548,556,510,597,682,778,968,4639
宮崎県,4506,西都児湯,はい,382,385,382,376,420,559,665,3169,316,410,395,408,468,629,768,3394
宮崎県,4506,西都児湯,いいえ,892,1044,853,858,882,934,969,6432,742,870,796,746,809,919,1163,6045
宮崎県,4507,日向入郷,はい,278,362,297,331,353,457,582,2660,263,285,322,291,382,488,685,2716
宮崎県,4507,日向入郷,いいえ,835,929,754,708,636,644,729,5235,670,720,676,595,581,619,868,4729
鹿児島県,4601,鹿児島,はい,3185,3679,3212,2959,2947,2975,3346,22303,2716,3220,3119,2752,2825,3099,3570,21301
鹿児島県,4601,鹿児島,いいえ,7513,8568,7610,6962,6713,5758,6341,49465,5698,6265,5842,5221,5057,5666,7412,41161
鹿児島県,4603,南薩,はい,417,449,429,490,613,813,956,4167,328,333,401,477,651,921,1087,4198
鹿児島県,4603,南薩,いいえ,1044,1096,1130,1202,1377,1609,1907,9365,755,889,876,979,1226,1664,2198,8587
鹿児島県,4605,川薩,はい,486,529,419,479,598,753,897,4161,427,462,508,506,636,832,861,4232
鹿児島県,4605,川薩,いいえ,1320,1435,1374,1515,1429,1382,1756,10211,935,1042,1076,1126,1188,1447,1992,8806
鹿児島県,4606,出水,はい,301,308,340,343,339,427,485,2543,276,283,278,339,365,491,550,2582
鹿児島県,4606,出水,いいえ,840,889,863,868,841,844,1006,6151,631,747,773,739,781,969,1112,5752
鹿児島県,4607,姶良・伊佐,はい,1079,1113,1110,1113,1139,1280,1681,8515,855,989,1115,1079,1251,1460,1896,8645
鹿児島県,4607,姶良・伊佐,いいえ,2643,3022,2843,2807,2688,2244,2642,18889,1987,2243,2171,2124,2098,2259,2997,15879
鹿児島県,4609,曽於,はい,272,240,270,307,365,408,478,2340,185,189,208,294,362,406,458,2102
鹿児島県,4609,曽於,いいえ,676,701,702,722,858,785,863,5307,502,527,559,598,722,809,951,4668
鹿児島県,4610,肝属,はい,598,578,519,554,695,788,920,4652,445,519,547,616,780,891,1095,4893
鹿児島県,4610,肝属,いいえ,1551,1538,1462,1478,1568,1501,1608,10706,1062,1181,1197,1167,1312,1491,1734,9144
鹿児島県,4611,熊毛,はい,189,209,219,229,242,270,258,1616,127,141,144,160,184,265,292,1313
鹿児島県,4611,熊毛,いいえ,341,412,404,389,379,371,414,2710,268,281,316,253,318,395,460,2291
鹿児島県,4612,奄美,はい,425,456,425,519,551,641,682,3699,401,416,400,446,617,759,819,3858
鹿児島県,4612,奄美,いいえ,879,1009,971,951,949,1082,1035,6876,771,832,786,735,819,1066,1135,6144
沖縄県,4701,北部,はい,513,571,478,464,602,697,686,4011,490,489,370,479,528,617,633,3606
沖縄県,4701,北部,いいえ,1004,1089,833,814,858,885,857,6340,757,818,671,700,813,771,778,5308
沖縄県,4702,中部,はい,2158,2393,2215,1849,1490,1234,1138,12477,2191,2481,2204,1899,1585,1435,1350,13145
沖縄県,4702,中部,いいえ,4730,5958,5062,4079,3236,2318,1883,27266,3915,4872,4281,3276,2639,2026,1910,22919
沖縄県,4703,南部,はい,3720,4156,3908,3272,2762,2410,2369,22597,3818,4165,4161,3629,3127,3023,2959,24882
沖縄県,4703,南部,いいえ,6916,8265,7214,5818,4662,3618,3328,39821,5924,6876,6174,4948,4011,3669,3676,35278
沖縄県,4704,宮古,はい,294,343,277,306,311,376,262,2169,255,276,235,266,337,319,281,1969
沖縄県,4704,宮古,いいえ,435,479,412,434,450,403,361,2974,400,382,328,366,418,434,415,2743
沖縄県,4705,八重山,はい,160,189,199,139,155,215,214,1271,170,172,159,146,168,202,241,1258
沖縄県,4705,八重山,いいえ,251,280,240,189,219,201,219,1599,221,230,175,173,199,233,239,1470
二次医療圏判別不可,,,はい,19581,20808,22161,21252,11557,3401,2190,100950,12393,14187,14649,11640,5688,2091,1149,61797
二次医療圏判別不可,,,いいえ,55369,60726,59078,52264,25920,7221,4295,264873,24068,28357,26242,19410,9861,3525,1814,113277
